# Type: scattered data
# Version: 6
# Description: No description
# Format: free
# Field: 1 x
# Field: 2 y
# Field: 3 z milliseconds
# Field: 4 column
# Field: 5 row
# Projection: Local Rectangular
# Units: meters
# End:
# Information from grid:
# Grid_size: 22 x 21
# Grid_space: 455994.817767,457044.817767,6783810.453995,6784810.453995
# Scattered data: Not_available
# Z_field: z
# Vertical_faults: Not_available
# History: No history
# Z_units: milliseconds
456544.817767 6783860.453995 -1863.401611 12 2
456594.817767 6783860.453995 -1869.036621 13 2
456644.817767 6783860.453995 -1855.494751 14 2
456694.817767 6783860.453995 -1842.063721 15 2
456744.817767 6783860.453995 -1823.313721 16 2
456794.817767 6783860.453995 -1809.044189 17 2
456544.817767 6783910.453995 -1859.043213 12 3
456594.817767 6783910.453995 -1870.353516 13 3
456644.817767 6783910.453995 -1855.245605 14 3
456694.817767 6783910.453995 -1835.326050 15 3
456744.817767 6783910.453995 -1829.536743 16 3
456794.817767 6783910.453995 -1815.386719 17 3
456544.817767 6783960.453995 -1868.016357 12 4
456594.817767 6783960.453995 -1873.976074 13 4
456644.817767 6783960.453995 -1858.090698 14 4
456694.817767 6783960.453995 -1841.367188 15 4
456744.817767 6783960.453995 -1824.132935 16 4
456794.817767 6783960.453995 -1812.612427 17 4
456494.817767 6784010.453995 -1863.486816 11 5
456544.817767 6784010.453995 -1866.863159 12 5
456594.817767 6784010.453995 -1855.679932 13 5
456644.817767 6784010.453995 -1835.408691 14 5
456694.817767 6784010.453995 -1830.965088 15 5
456744.817767 6784010.453995 -1822.693726 16 5
456794.817767 6784010.453995 -1799.915527 17 5
456244.817767 6784060.453995 -1886.862427 6 6
456294.817767 6784060.453995 -1886.126221 7 6
456344.817767 6784060.453995 -1882.142212 8 6
456394.817767 6784060.453995 -1877.210938 9 6
456444.817767 6784060.453995 -1861.940186 10 6
456494.817767 6784060.453995 -1861.686523 11 6
456544.817767 6784060.453995 -1860.220215 12 6
456594.817767 6784060.453995 -1836.891724 13 6
456644.817767 6784060.453995 -1828.269531 14 6
456694.817767 6784060.453995 -1825.703369 15 6
456744.817767 6784060.453995 -1805.483643 16 6
456794.817767 6784060.453995 -1794.920654 17 6
456844.817767 6784060.453995 -1814.662964 18 6
456194.817767 6784110.453995 -1892.944946 5 7
456244.817767 6784110.453995 -1896.627930 6 7
456294.817767 6784110.453995 -1897.114746 7 7
456344.817767 6784110.453995 -1886.580444 8 7
456394.817767 6784110.453995 -1878.253662 9 7
456444.817767 6784110.453995 -1864.556763 10 7
456494.817767 6784110.453995 -1852.952759 11 7
456544.817767 6784110.453995 -1844.216675 12 7
456594.817767 6784110.453995 -1830.988647 13 7
456644.817767 6784110.453995 -1828.465332 14 7
456694.817767 6784110.453995 -1826.844604 15 7
456744.817767 6784110.453995 -1808.604370 16 7
456794.817767 6784110.453995 -1840.374146 17 7
456844.817767 6784110.453995 -1847.196533 18 7
456144.817767 6784160.453995 -1904.280273 4 8
456194.817767 6784160.453995 -1891.452393 5 8
456244.817767 6784160.453995 -1890.663696 6 8
456294.817767 6784160.453995 -1890.760620 7 8
456344.817767 6784160.453995 -1883.019531 8 8
456394.817767 6784160.453995 -1878.114868 9 8
456444.817767 6784160.453995 -1868.036865 10 8
456494.817767 6784160.453995 -1861.470337 11 8
456544.817767 6784160.453995 -1840.375244 12 8
456594.817767 6784160.453995 -1832.631470 13 8
456644.817767 6784160.453995 -1828.702759 14 8
456694.817767 6784160.453995 -1809.854004 15 8
456744.817767 6784160.453995 -1796.193970 16 8
456794.817767 6784160.453995 -1793.852295 17 8
456844.817767 6784160.453995 -1793.570068 18 8
456894.817767 6784160.453995 -1791.991455 19 8
456144.817767 6784210.453995 -1905.812256 4 9
456194.817767 6784210.453995 -1890.937256 5 9
456244.817767 6784210.453995 -1893.956055 6 9
456294.817767 6784210.453995 -1884.661499 7 9
456344.817767 6784210.453995 -1887.228760 8 9
456394.817767 6784210.453995 -1878.035400 9 9
456444.817767 6784210.453995 -1871.419312 10 9
456494.817767 6784210.453995 -1865.948364 11 9
456544.817767 6784210.453995 -1847.430176 12 9
456594.817767 6784210.453995 -1838.274048 13 9
456644.817767 6784210.453995 -1832.572021 14 9
456694.817767 6784210.453995 -1814.852295 15 9
456744.817767 6784210.453995 -1813.095459 16 9
456794.817767 6784210.453995 -1799.536865 17 9
456844.817767 6784210.453995 -1796.214233 18 9
456894.817767 6784210.453995 -1777.193237 19 9
456094.817767 6784260.453995 -1909.811157 3 10
456144.817767 6784260.453995 -1904.629639 4 10
456194.817767 6784260.453995 -1894.184326 5 10
456244.817767 6784260.453995 -1885.998901 6 10
456294.817767 6784260.453995 -1887.310303 7 10
456344.817767 6784260.453995 -1881.544800 8 10
456394.817767 6784260.453995 -1879.164795 9 10
456444.817767 6784260.453995 -1877.397705 10 10
456494.817767 6784260.453995 -1869.925049 11 10
456544.817767 6784260.453995 -1851.781128 12 10
456594.817767 6784260.453995 -1842.260620 13 10
456644.817767 6784260.453995 -1838.633667 14 10
456694.817767 6784260.453995 -1827.337524 15 10
456744.817767 6784260.453995 -1810.590088 16 10
456794.817767 6784260.453995 -1798.018311 17 10
456844.817767 6784260.453995 -1778.500854 18 10
456894.817767 6784260.453995 -1768.917358 19 10
456044.817767 6784310.453995 -1922.111328 2 11
456094.817767 6784310.453995 -1910.323608 3 11
456144.817767 6784310.453995 -1906.916016 4 11
456194.817767 6784310.453995 -1897.806641 5 11
456244.817767 6784310.453995 -1895.212646 6 11
456294.817767 6784310.453995 -1886.739868 7 11
456344.817767 6784310.453995 -1883.898193 8 11
456394.817767 6784310.453995 -1880.396118 9 11
456444.817767 6784310.453995 -1876.365967 10 11
456494.817767 6784310.453995 -1857.503540 11 11
456544.817767 6784310.453995 -1855.183472 12 11
456594.817767 6784310.453995 -1849.773804 13 11
456644.817767 6784310.453995 -1846.198364 14 11
456694.817767 6784310.453995 -1836.614014 15 11
456744.817767 6784310.453995 -1827.088257 16 11
456794.817767 6784310.453995 -1822.109375 17 11
456844.817767 6784310.453995 -1808.398926 18 11
456894.817767 6784310.453995 -1800.638306 19 11
456944.817767 6784310.453995 -1800.620483 20 11
455994.817767 6784360.453995 -1939.803101 1 12
456044.817767 6784360.453995 -1926.673096 2 12
456094.817767 6784360.453995 -1911.850586 3 12
456144.817767 6784360.453995 -1909.879639 4 12
456194.817767 6784360.453995 -1906.547729 5 12
456244.817767 6784360.453995 -1902.159790 6 12
456294.817767 6784360.453995 -1888.954590 7 12
456344.817767 6784360.453995 -1883.315796 8 12
456394.817767 6784360.453995 -1880.501221 9 12
456444.817767 6784360.453995 -1876.457520 10 12
456494.817767 6784360.453995 -1874.436401 11 12
456544.817767 6784360.453995 -1855.382202 12 12
456594.817767 6784360.453995 -1848.921509 13 12
456644.817767 6784360.453995 -1850.841187 14 12
456694.817767 6784360.453995 -1845.249023 15 12
456744.817767 6784360.453995 -1832.375732 16 12
456794.817767 6784360.453995 -1834.943604 17 12
456844.817767 6784360.453995 -1836.479004 18 12
456894.817767 6784360.453995 -1832.975952 19 12
456944.817767 6784360.453995 -1822.691406 20 12
455994.817767 6784410.453995 -1941.396362 1 13
456044.817767 6784410.453995 -1933.205078 2 13
456094.817767 6784410.453995 -1920.923096 3 13
456144.817767 6784410.453995 -1917.801880 4 13
456194.817767 6784410.453995 -1912.205566 5 13
456244.817767 6784410.453995 -1906.881470 6 13
456294.817767 6784410.453995 -1900.887695 7 13
456344.817767 6784410.453995 -1886.854492 8 13
456394.817767 6784410.453995 -1886.476074 9 13
456444.817767 6784410.453995 -1868.802856 10 13
456494.817767 6784410.453995 -1872.963867 11 13
456544.817767 6784410.453995 -1862.775513 12 13
456594.817767 6784410.453995 -1854.551880 13 13
456644.817767 6784410.453995 -1850.556885 14 13
456694.817767 6784410.453995 -1844.972778 15 13
456744.817767 6784410.453995 -1833.713013 16 13
456794.817767 6784410.453995 -1830.054810 17 13
456844.817767 6784410.453995 -1840.151367 18 13
456894.817767 6784410.453995 -1834.820435 19 13
456944.817767 6784410.453995 -1832.273682 20 13
456994.817767 6784410.453995 -1826.492065 21 13
456044.817767 6784460.453995 -1938.836670 2 14
456094.817767 6784460.453995 -1933.043213 3 14
456144.817767 6784460.453995 -1928.447510 4 14
456194.817767 6784460.453995 -1917.541382 5 14
456244.817767 6784460.453995 -1916.039673 6 14
456294.817767 6784460.453995 -1908.672607 7 14
456344.817767 6784460.453995 -1888.002563 8 14
456394.817767 6784460.453995 -1884.186279 9 14
456444.817767 6784460.453995 -1867.845825 10 14
456494.817767 6784460.453995 -1867.799072 11 14
456544.817767 6784460.453995 -1863.843750 12 14
456594.817767 6784460.453995 -1856.075684 13 14
456644.817767 6784460.453995 -1846.260254 14 14
456694.817767 6784460.453995 -1839.774780 15 14
456744.817767 6784460.453995 -1833.325684 16 14
456794.817767 6784460.453995 -1831.222900 17 14
456844.817767 6784460.453995 -1830.561157 18 14
456894.817767 6784460.453995 -1829.860962 19 14
456944.817767 6784460.453995 -1826.317749 20 14
456994.817767 6784460.453995 -1823.687866 21 14
456044.817767 6784510.453995 -1942.744019 2 15
456094.817767 6784510.453995 -1942.365356 3 15
456144.817767 6784510.453995 -1940.662354 4 15
456194.817767 6784510.453995 -1923.509521 5 15
456244.817767 6784510.453995 -1926.005981 6 15
456294.817767 6784510.453995 -1910.633057 7 15
456344.817767 6784510.453995 -1901.069336 8 15
456394.817767 6784510.453995 -1888.967285 9 15
456444.817767 6784510.453995 -1874.975464 10 15
456494.817767 6784510.453995 -1861.414551 11 15
456544.817767 6784510.453995 -1857.454834 12 15
456594.817767 6784510.453995 -1843.556396 13 15
456644.817767 6784510.453995 -1842.137329 14 15
456694.817767 6784510.453995 -1828.462646 15 15
456744.817767 6784510.453995 -1816.141968 16 15
456794.817767 6784510.453995 -1817.646118 17 15
456844.817767 6784510.453995 -1823.947510 18 15
456894.817767 6784510.453995 -1826.579712 19 15
456944.817767 6784510.453995 -1824.312134 20 15
456994.817767 6784510.453995 -1822.983032 21 15
456044.817767 6784560.453995 -1941.369507 2 16
456094.817767 6784560.453995 -1941.758179 3 16
456144.817767 6784560.453995 -1940.361450 4 16
456194.817767 6784560.453995 -1936.253784 5 16
456244.817767 6784560.453995 -1930.564453 6 16
456294.817767 6784560.453995 -1921.682251 7 16
456344.817767 6784560.453995 -1909.452271 8 16
456394.817767 6784560.453995 -1897.040894 9 16
456444.817767 6784560.453995 -1883.756836 10 16
456494.817767 6784560.453995 -1870.161621 11 16
456544.817767 6784560.453995 -1861.404419 12 16
456594.817767 6784560.453995 -1853.796265 13 16
456644.817767 6784560.453995 -1855.597778 14 16
456694.817767 6784560.453995 -1850.015259 15 16
456744.817767 6784560.453995 -1835.811890 16 16
456094.817767 6784610.453995 -1939.104004 3 17
456144.817767 6784610.453995 -1935.768188 4 17
456194.817767 6784610.453995 -1927.373169 5 17
456244.817767 6784610.453995 -1926.807129 6 17
456294.817767 6784610.453995 -1921.068115 7 17
456344.817767 6784610.453995 -1911.405518 8 17
456394.817767 6784610.453995 -1902.310059 9 17
456444.817767 6784610.453995 -1890.787476 10 17
456494.817767 6784610.453995 -1877.050781 11 17
456544.817767 6784610.453995 -1867.196045 12 17
456594.817767 6784610.453995 -1861.221069 13 17
456644.817767 6784610.453995 -1862.959717 14 17
456094.817767 6784660.453995 -1937.153564 3 18
456144.817767 6784660.453995 -1930.389404 4 18
456194.817767 6784660.453995 -1924.263916 5 18
456244.817767 6784660.453995 -1920.442383 6 18
456294.817767 6784660.453995 -1911.273315 7 18
456344.817767 6784660.453995 -1912.308838 8 18
456394.817767 6784660.453995 -1902.575195 9 18
456444.817767 6784660.453995 -1890.167725 10 18
456494.817767 6784660.453995 -1882.303467 11 18
456544.817767 6784660.453995 -1875.528809 12 18
456594.817767 6784660.453995 -1862.563477 13 18
456644.817767 6784660.453995 -1867.689331 14 18
456144.817767 6784710.453995 -1931.177612 4 19
456194.817767 6784710.453995 -1925.763062 5 19
456244.817767 6784710.453995 -1922.559814 6 19
456294.817767 6784710.453995 -1905.296875 7 19
456344.817767 6784710.453995 -1910.318604 8 19
456394.817767 6784710.453995 -1899.670044 9 19
456444.817767 6784710.453995 -1884.336426 10 19
456494.817767 6784710.453995 -1879.043213 11 19
456544.817767 6784710.453995 -1870.690552 12 19
456594.817767 6784710.453995 -1857.258179 13 19
456294.817767 6784760.453995 -1911.056396 7 20
456344.817767 6784760.453995 -1901.406372 8 20
456394.817767 6784760.453995 -1894.817139 9 20
456444.817767 6784760.453995 -1884.077759 10 20
456494.817767 6784760.453995 -1883.737671 11 20
