# Type: scattered data
# Version: 6
# Description: No description
# Format: free
# Field: 1 x
# Field: 2 y
# Field: 3 z milliseconds
# Field: 4 column
# Field: 5 row
# Projection: Local Rectangular
# Units: meters
# End:
# Information from grid:
# Grid_size: 29 x 93
# Grid_space: 455801.465472,457201.465472,6785075.422135,6789675.422135
# Scattered data: Not_available
# Z_field: z
# Vertical_faults: Not_available
# History: No history
# Z_units: milliseconds
456501.465472 6785075.422135 -1909.511597 15 1
456551.465472 6785075.422135 -1907.100342 16 1
456601.465472 6785075.422135 -1896.773193 17 1
456651.465472 6785075.422135 -1888.909424 18 1
456701.465472 6785075.422135 -1878.581787 19 1
456751.465472 6785075.422135 -1866.771484 20 1
456801.465472 6785075.422135 -1854.874878 21 1
456201.465472 6785125.422135 -1944.989868 9 2
456251.465472 6785125.422135 -1934.570313 10 2
456301.465472 6785125.422135 -1923.142944 11 2
456351.465472 6785125.422135 -1924.234985 12 2
456401.465472 6785125.422135 -1918.462158 13 2
456451.465472 6785125.422135 -1903.310547 14 2
456501.465472 6785125.422135 -1902.706421 15 2
456551.465472 6785125.422135 -1905.045532 16 2
456601.465472 6785125.422135 -1887.425171 17 2
456651.465472 6785125.422135 -1885.966064 18 2
456701.465472 6785125.422135 -1875.921265 19 2
456751.465472 6785125.422135 -1865.421143 20 2
456801.465472 6785125.422135 -1844.761963 21 2
456851.465472 6785125.422135 -1850.388306 22 2
456201.465472 6785175.422135 -1943.440063 9 3
456251.465472 6785175.422135 -1932.158447 10 3
456301.465472 6785175.422135 -1917.950195 11 3
456351.465472 6785175.422135 -1926.591919 12 3
456401.465472 6785175.422135 -1922.304077 13 3
456451.465472 6785175.422135 -1893.072144 14 3
456501.465472 6785175.422135 -1895.938843 15 3
456551.465472 6785175.422135 -1903.242676 16 3
456601.465472 6785175.422135 -1877.768066 17 3
456651.465472 6785175.422135 -1885.062988 18 3
456701.465472 6785175.422135 -1874.003418 19 3
456751.465472 6785175.422135 -1864.725952 20 3
456801.465472 6785175.422135 -1834.933838 21 3
456851.465472 6785175.422135 -1841.718384 22 3
456901.465472 6785175.422135 -1840.285889 23 3
456201.465472 6785225.422135 -1936.969482 9 4
456251.465472 6785225.422135 -1929.764160 10 4
456301.465472 6785225.422135 -1919.862061 11 4
456351.465472 6785225.422135 -1922.335938 12 4
456401.465472 6785225.422135 -1917.062622 13 4
456451.465472 6785225.422135 -1904.821899 14 4
456501.465472 6785225.422135 -1894.712402 15 4
456551.465472 6785225.422135 -1902.916260 16 4
456601.465472 6785225.422135 -1883.598511 17 4
456651.465472 6785225.422135 -1872.639282 18 4
456701.465472 6785225.422135 -1864.985718 19 4
456751.465472 6785225.422135 -1856.318359 20 4
456801.465472 6785225.422135 -1840.003296 21 4
456851.465472 6785225.422135 -1838.226807 22 4
456901.465472 6785225.422135 -1837.235352 23 4
456201.465472 6785275.422135 -1933.284668 9 5
456251.465472 6785275.422135 -1928.069580 10 5
456301.465472 6785275.422135 -1918.502319 11 5
456351.465472 6785275.422135 -1921.267578 12 5
456401.465472 6785275.422135 -1915.494385 13 5
456451.465472 6785275.422135 -1909.187866 14 5
456501.465472 6785275.422135 -1890.761108 15 5
456551.465472 6785275.422135 -1896.108276 16 5
456601.465472 6785275.422135 -1882.024170 17 5
456651.465472 6785275.422135 -1864.033691 18 5
456701.465472 6785275.422135 -1859.155273 19 5
456751.465472 6785275.422135 -1853.717163 20 5
456801.465472 6785275.422135 -1843.461426 21 5
456851.465472 6785275.422135 -1838.939453 22 5
456901.465472 6785275.422135 -1835.005371 23 5
456951.465472 6785275.422135 -1836.204712 24 5
456251.465472 6785325.422135 -1923.689331 10 6
456301.465472 6785325.422135 -1922.490845 11 6
456351.465472 6785325.422135 -1924.837158 12 6
456401.465472 6785325.422135 -1918.712891 13 6
456451.465472 6785325.422135 -1913.767944 14 6
456501.465472 6785325.422135 -1901.133667 15 6
456551.465472 6785325.422135 -1897.833862 16 6
456601.465472 6785325.422135 -1887.839478 17 6
456651.465472 6785325.422135 -1878.752563 18 6
456701.465472 6785325.422135 -1865.936157 19 6
456751.465472 6785325.422135 -1858.254150 20 6
456801.465472 6785325.422135 -1846.508301 21 6
456851.465472 6785325.422135 -1840.021729 22 6
456901.465472 6785325.422135 -1829.203125 23 6
456951.465472 6785325.422135 -1822.860962 24 6
457001.465472 6785325.422135 -1836.469116 25 6
456251.465472 6785375.422135 -1921.866577 10 7
456301.465472 6785375.422135 -1924.387573 11 7
456351.465472 6785375.422135 -1928.943481 12 7
456401.465472 6785375.422135 -1920.761353 13 7
456451.465472 6785375.422135 -1920.076172 14 7
456501.465472 6785375.422135 -1905.713745 15 7
456551.465472 6785375.422135 -1903.072021 16 7
456601.465472 6785375.422135 -1895.896362 17 7
456651.465472 6785375.422135 -1888.334351 18 7
456701.465472 6785375.422135 -1873.231567 19 7
456751.465472 6785375.422135 -1863.289429 20 7
456801.465472 6785375.422135 -1847.721558 21 7
456851.465472 6785375.422135 -1842.291626 22 7
456901.465472 6785375.422135 -1834.270508 23 7
456951.465472 6785375.422135 -1830.397583 24 7
457001.465472 6785375.422135 -1825.465942 25 7
456251.465472 6785425.422135 -1923.889160 10 8
456301.465472 6785425.422135 -1923.291504 11 8
456351.465472 6785425.422135 -1919.538696 12 8
456401.465472 6785425.422135 -1919.031738 13 8
456451.465472 6785425.422135 -1920.093262 14 8
456501.465472 6785425.422135 -1910.101074 15 8
456551.465472 6785425.422135 -1910.937134 16 8
456601.465472 6785425.422135 -1901.581665 17 8
456651.465472 6785425.422135 -1892.130737 18 8
456701.465472 6785425.422135 -1874.769897 19 8
456751.465472 6785425.422135 -1867.271240 20 8
456801.465472 6785425.422135 -1851.562622 21 8
456851.465472 6785425.422135 -1848.116577 22 8
456901.465472 6785425.422135 -1841.840576 23 8
456951.465472 6785425.422135 -1835.871704 24 8
457001.465472 6785425.422135 -1826.145264 25 8
457051.465472 6785425.422135 -1818.827393 26 8
456301.465472 6785475.422135 -1921.629639 11 9
456351.465472 6785475.422135 -1911.842651 12 9
456401.465472 6785475.422135 -1915.988525 13 9
456451.465472 6785475.422135 -1922.629272 14 9
456501.465472 6785475.422135 -1911.348022 15 9
456551.465472 6785475.422135 -1913.973022 16 9
456601.465472 6785475.422135 -1906.353271 17 9
456651.465472 6785475.422135 -1899.932861 18 9
456701.465472 6785475.422135 -1876.579712 19 9
456751.465472 6785475.422135 -1874.187866 20 9
456801.465472 6785475.422135 -1855.822021 21 9
456851.465472 6785475.422135 -1850.715210 22 9
456901.465472 6785475.422135 -1849.457642 23 9
456951.465472 6785475.422135 -1847.583374 24 9
457001.465472 6785475.422135 -1833.656616 25 9
457051.465472 6785475.422135 -1813.133911 26 9
456301.465472 6785525.422135 -1921.592896 11 10
456351.465472 6785525.422135 -1916.713379 12 10
456401.465472 6785525.422135 -1919.120850 13 10
456451.465472 6785525.422135 -1923.146851 14 10
456501.465472 6785525.422135 -1923.150757 15 10
456551.465472 6785525.422135 -1919.793091 16 10
456601.465472 6785525.422135 -1912.231079 17 10
456651.465472 6785525.422135 -1903.538330 18 10
456701.465472 6785525.422135 -1882.335693 19 10
456751.465472 6785525.422135 -1877.415771 20 10
456801.465472 6785525.422135 -1850.866943 21 10
456851.465472 6785525.422135 -1843.537231 22 10
456901.465472 6785525.422135 -1854.050415 23 10
456951.465472 6785525.422135 -1839.770386 24 10
457001.465472 6785525.422135 -1837.267822 25 10
457051.465472 6785525.422135 -1825.688599 26 10
456251.465472 6785575.422135 -1928.143677 10 11
456301.465472 6785575.422135 -1923.299072 11 11
456351.465472 6785575.422135 -1921.379639 12 11
456401.465472 6785575.422135 -1922.643066 13 11
456451.465472 6785575.422135 -1925.721680 14 11
456501.465472 6785575.422135 -1930.508911 15 11
456551.465472 6785575.422135 -1926.320313 16 11
456601.465472 6785575.422135 -1916.973999 17 11
456651.465472 6785575.422135 -1910.359863 18 11
456701.465472 6785575.422135 -1886.535889 19 11
456751.465472 6785575.422135 -1889.295654 20 11
456801.465472 6785575.422135 -1868.551392 21 11
456851.465472 6785575.422135 -1856.997803 22 11
456901.465472 6785575.422135 -1854.827271 23 11
456951.465472 6785575.422135 -1836.421875 24 11
457001.465472 6785575.422135 -1826.000977 25 11
457051.465472 6785575.422135 -1811.801392 26 11
456251.465472 6785625.422135 -1928.722656 10 12
456301.465472 6785625.422135 -1923.865723 11 12
456351.465472 6785625.422135 -1925.031982 12 12
456401.465472 6785625.422135 -1925.139771 13 12
456451.465472 6785625.422135 -1918.215332 14 12
456501.465472 6785625.422135 -1917.558594 15 12
456551.465472 6785625.422135 -1919.433716 16 12
456601.465472 6785625.422135 -1920.190796 17 12
456651.465472 6785625.422135 -1912.398804 18 12
456701.465472 6785625.422135 -1900.192139 19 12
456751.465472 6785625.422135 -1889.868774 20 12
456801.465472 6785625.422135 -1887.510742 21 12
456851.465472 6785625.422135 -1874.912231 22 12
456901.465472 6785625.422135 -1855.037354 23 12
456951.465472 6785625.422135 -1838.777588 24 12
457001.465472 6785625.422135 -1833.114990 25 12
457051.465472 6785625.422135 -1808.528931 26 12
456301.465472 6785675.422135 -1923.347168 11 13
456351.465472 6785675.422135 -1927.531738 12 13
456401.465472 6785675.422135 -1926.520630 13 13
456451.465472 6785675.422135 -1910.067627 14 13
456501.465472 6785675.422135 -1908.094238 15 13
456551.465472 6785675.422135 -1926.071777 16 13
456601.465472 6785675.422135 -1926.499023 17 13
456651.465472 6785675.422135 -1918.701172 18 13
456701.465472 6785675.422135 -1909.823730 19 13
456751.465472 6785675.422135 -1902.546265 20 13
456801.465472 6785675.422135 -1890.486694 21 13
456851.465472 6785675.422135 -1881.095093 22 13
456901.465472 6785675.422135 -1861.343750 23 13
456951.465472 6785675.422135 -1847.678711 24 13
457001.465472 6785675.422135 -1842.594727 25 13
457051.465472 6785675.422135 -1821.084473 26 13
456301.465472 6785725.422135 -1927.392334 11 14
456351.465472 6785725.422135 -1922.233276 12 14
456401.465472 6785725.422135 -1922.052002 13 14
456451.465472 6785725.422135 -1915.732422 14 14
456501.465472 6785725.422135 -1918.794800 15 14
456551.465472 6785725.422135 -1928.986206 16 14
456601.465472 6785725.422135 -1928.779175 17 14
456651.465472 6785725.422135 -1923.322144 18 14
456701.465472 6785725.422135 -1916.845703 19 14
456751.465472 6785725.422135 -1899.433228 20 14
456801.465472 6785725.422135 -1890.027832 21 14
456851.465472 6785725.422135 -1887.353638 22 14
456901.465472 6785725.422135 -1862.404175 23 14
456951.465472 6785725.422135 -1845.165161 24 14
457001.465472 6785725.422135 -1837.808960 25 14
457051.465472 6785725.422135 -1829.718750 26 14
456351.465472 6785775.422135 -1922.573242 12 15
456401.465472 6785775.422135 -1926.784668 13 15
456451.465472 6785775.422135 -1923.605347 14 15
456501.465472 6785775.422135 -1929.471558 15 15
456551.465472 6785775.422135 -1932.281860 16 15
456601.465472 6785775.422135 -1930.274536 17 15
456651.465472 6785775.422135 -1924.419556 18 15
456701.465472 6785775.422135 -1918.300537 19 15
456751.465472 6785775.422135 -1904.590088 20 15
456801.465472 6785775.422135 -1888.822998 21 15
456851.465472 6785775.422135 -1885.540039 22 15
456901.465472 6785775.422135 -1869.792847 23 15
456951.465472 6785775.422135 -1851.637573 24 15
457001.465472 6785775.422135 -1840.911377 25 15
457051.465472 6785775.422135 -1831.129028 26 15
457101.465472 6785775.422135 -1821.885254 27 15
456401.465472 6785825.422135 -1950.893677 13 16
456451.465472 6785825.422135 -1945.316406 14 16
456501.465472 6785825.422135 -1938.445068 15 16
456551.465472 6785825.422135 -1933.844971 16 16
456601.465472 6785825.422135 -1933.118530 17 16
456651.465472 6785825.422135 -1923.995483 18 16
456701.465472 6785825.422135 -1919.390869 19 16
456751.465472 6785825.422135 -1910.101807 20 16
456801.465472 6785825.422135 -1890.845093 21 16
456851.465472 6785825.422135 -1882.613403 22 16
456901.465472 6785825.422135 -1866.129272 23 16
456951.465472 6785825.422135 -1852.604370 24 16
457001.465472 6785825.422135 -1850.780396 25 16
457051.465472 6785825.422135 -1832.467041 26 16
457101.465472 6785825.422135 -1828.595947 27 16
456451.465472 6785875.422135 -1962.836792 14 17
456501.465472 6785875.422135 -1943.860840 15 17
456551.465472 6785875.422135 -1933.753784 16 17
456601.465472 6785875.422135 -1935.927979 17 17
456651.465472 6785875.422135 -1921.208008 18 17
456701.465472 6785875.422135 -1922.852661 19 17
456751.465472 6785875.422135 -1904.112671 20 17
456801.465472 6785875.422135 -1893.998779 21 17
456851.465472 6785875.422135 -1883.419067 22 17
456901.465472 6785875.422135 -1875.807007 23 17
456951.465472 6785875.422135 -1855.684937 24 17
457001.465472 6785875.422135 -1839.796021 25 17
457051.465472 6785875.422135 -1842.596436 26 17
457101.465472 6785875.422135 -1833.890137 27 17
456451.465472 6785925.422135 -1954.394409 14 18
456501.465472 6785925.422135 -1939.536621 15 18
456551.465472 6785925.422135 -1932.695679 16 18
456601.465472 6785925.422135 -1930.603638 17 18
456651.465472 6785925.422135 -1918.906738 18 18
456701.465472 6785925.422135 -1915.605835 19 18
456751.465472 6785925.422135 -1900.440918 20 18
456801.465472 6785925.422135 -1890.567139 21 18
456851.465472 6785925.422135 -1888.040039 22 18
456901.465472 6785925.422135 -1876.323730 23 18
456951.465472 6785925.422135 -1858.464966 24 18
457001.465472 6785925.422135 -1842.195435 25 18
457051.465472 6785925.422135 -1847.203003 26 18
456451.465472 6785975.422135 -1946.782593 14 19
456501.465472 6785975.422135 -1934.477417 15 19
456551.465472 6785975.422135 -1929.464722 16 19
456601.465472 6785975.422135 -1921.480591 17 19
456651.465472 6785975.422135 -1912.675659 18 19
456701.465472 6785975.422135 -1914.043701 19 19
456751.465472 6785975.422135 -1900.188599 20 19
456801.465472 6785975.422135 -1891.885254 21 19
456851.465472 6785975.422135 -1884.514038 22 19
456901.465472 6785975.422135 -1870.019775 23 19
456951.465472 6785975.422135 -1859.563599 24 19
457001.465472 6785975.422135 -1840.524292 25 19
457051.465472 6785975.422135 -1828.532837 26 19
456401.465472 6786025.422135 -1951.562378 13 20
456451.465472 6786025.422135 -1945.149658 14 20
456501.465472 6786025.422135 -1938.130981 15 20
456551.465472 6786025.422135 -1932.127563 16 20
456601.465472 6786025.422135 -1924.875488 17 20
456651.465472 6786025.422135 -1920.251709 18 20
456701.465472 6786025.422135 -1910.395752 19 20
456751.465472 6786025.422135 -1902.714600 20 20
456801.465472 6786025.422135 -1896.021729 21 20
456851.465472 6786025.422135 -1888.426758 22 20
456901.465472 6786025.422135 -1867.139526 23 20
456951.465472 6786025.422135 -1862.854980 24 20
457001.465472 6786025.422135 -1838.017944 25 20
457051.465472 6786025.422135 -1835.607422 26 20
456351.465472 6786075.422135 -1962.627930 12 21
456401.465472 6786075.422135 -1952.788208 13 21
456451.465472 6786075.422135 -1946.804688 14 21
456501.465472 6786075.422135 -1940.305054 15 21
456551.465472 6786075.422135 -1935.036255 16 21
456601.465472 6786075.422135 -1924.883545 17 21
456651.465472 6786075.422135 -1912.209595 18 21
456701.465472 6786075.422135 -1907.274292 19 21
456751.465472 6786075.422135 -1899.968628 20 21
456801.465472 6786075.422135 -1889.197754 21 21
456851.465472 6786075.422135 -1884.111816 22 21
456901.465472 6786075.422135 -1861.343872 23 21
456951.465472 6786075.422135 -1864.355591 24 21
457001.465472 6786075.422135 -1843.777710 25 21
457051.465472 6786075.422135 -1825.826660 26 21
456351.465472 6786125.422135 -1964.204834 12 22
456401.465472 6786125.422135 -1952.933228 13 22
456451.465472 6786125.422135 -1944.598633 14 22
456501.465472 6786125.422135 -1940.622192 15 22
456551.465472 6786125.422135 -1941.158936 16 22
456601.465472 6786125.422135 -1930.881470 17 22
456651.465472 6786125.422135 -1923.884766 18 22
456701.465472 6786125.422135 -1911.024292 19 22
456751.465472 6786125.422135 -1894.392212 20 22
456801.465472 6786125.422135 -1887.126343 21 22
456851.465472 6786125.422135 -1883.756226 22 22
456901.465472 6786125.422135 -1864.031982 23 22
456951.465472 6786125.422135 -1856.382568 24 22
457001.465472 6786125.422135 -1840.835938 25 22
457051.465472 6786125.422135 -1829.262939 26 22
456301.465472 6786175.422135 -1953.659668 11 23
456351.465472 6786175.422135 -1954.581421 12 23
456401.465472 6786175.422135 -1948.714355 13 23
456451.465472 6786175.422135 -1947.810059 14 23
456501.465472 6786175.422135 -1945.589722 15 23
456551.465472 6786175.422135 -1936.734253 16 23
456601.465472 6786175.422135 -1930.860474 17 23
456651.465472 6786175.422135 -1922.666626 18 23
456701.465472 6786175.422135 -1911.696289 19 23
456751.465472 6786175.422135 -1901.914917 20 23
456801.465472 6786175.422135 -1889.127930 21 23
456851.465472 6786175.422135 -1878.951904 22 23
456901.465472 6786175.422135 -1866.559204 23 23
456951.465472 6786175.422135 -1842.010010 24 23
457001.465472 6786175.422135 -1825.883057 25 23
457051.465472 6786175.422135 -1825.625977 26 23
456251.465472 6786225.422135 -1954.547607 10 24
456301.465472 6786225.422135 -1952.244263 11 24
456351.465472 6786225.422135 -1951.637573 12 24
456401.465472 6786225.422135 -1947.789307 13 24
456451.465472 6786225.422135 -1945.482666 14 24
456501.465472 6786225.422135 -1944.186768 15 24
456551.465472 6786225.422135 -1938.878540 16 24
456601.465472 6786225.422135 -1931.194336 17 24
456651.465472 6786225.422135 -1918.884766 18 24
456701.465472 6786225.422135 -1909.076538 19 24
456751.465472 6786225.422135 -1897.783691 20 24
456801.465472 6786225.422135 -1885.775513 21 24
456851.465472 6786225.422135 -1868.258057 22 24
456901.465472 6786225.422135 -1862.038452 23 24
456951.465472 6786225.422135 -1841.741211 24 24
457001.465472 6786225.422135 -1826.895996 25 24
457051.465472 6786225.422135 -1820.690796 26 24
457101.465472 6786225.422135 -1822.959351 27 24
456201.465472 6786275.422135 -1956.469360 9 25
456251.465472 6786275.422135 -1954.579224 10 25
456301.465472 6786275.422135 -1952.522461 11 25
456351.465472 6786275.422135 -1949.848877 12 25
456401.465472 6786275.422135 -1946.236694 13 25
456451.465472 6786275.422135 -1945.153687 14 25
456501.465472 6786275.422135 -1942.844238 15 25
456551.465472 6786275.422135 -1938.166992 16 25
456601.465472 6786275.422135 -1929.689453 17 25
456651.465472 6786275.422135 -1921.508789 18 25
456701.465472 6786275.422135 -1907.697876 19 25
456751.465472 6786275.422135 -1898.848145 20 25
456801.465472 6786275.422135 -1882.334106 21 25
456851.465472 6786275.422135 -1869.389282 22 25
456901.465472 6786275.422135 -1857.428955 23 25
456951.465472 6786275.422135 -1838.112183 24 25
457001.465472 6786275.422135 -1840.930298 25 25
457051.465472 6786275.422135 -1828.930542 26 25
457101.465472 6786275.422135 -1826.523926 27 25
456201.465472 6786325.422135 -1958.713989 9 26
456251.465472 6786325.422135 -1955.022461 10 26
456301.465472 6786325.422135 -1948.718140 11 26
456351.465472 6786325.422135 -1946.774292 12 26
456401.465472 6786325.422135 -1943.774658 13 26
456451.465472 6786325.422135 -1939.775146 14 26
456501.465472 6786325.422135 -1937.804810 15 26
456551.465472 6786325.422135 -1933.580688 16 26
456601.465472 6786325.422135 -1925.608154 17 26
456651.465472 6786325.422135 -1916.981934 18 26
456701.465472 6786325.422135 -1906.065796 19 26
456751.465472 6786325.422135 -1894.599609 20 26
456801.465472 6786325.422135 -1879.488403 21 26
456851.465472 6786325.422135 -1868.097046 22 26
456901.465472 6786325.422135 -1872.189209 23 26
456951.465472 6786325.422135 -1858.020386 24 26
457001.465472 6786325.422135 -1837.094238 25 26
457051.465472 6786325.422135 -1830.077148 26 26
457101.465472 6786325.422135 -1831.317871 27 26
456151.465472 6786375.422135 -1957.434692 8 27
456201.465472 6786375.422135 -1960.861084 9 27
456251.465472 6786375.422135 -1958.438354 10 27
456301.465472 6786375.422135 -1948.406494 11 27
456351.465472 6786375.422135 -1945.422241 12 27
456401.465472 6786375.422135 -1941.855957 13 27
456451.465472 6786375.422135 -1934.736084 14 27
456501.465472 6786375.422135 -1932.791626 15 27
456551.465472 6786375.422135 -1929.128906 16 27
456601.465472 6786375.422135 -1921.496094 17 27
456651.465472 6786375.422135 -1913.369141 18 27
456701.465472 6786375.422135 -1904.601196 19 27
456751.465472 6786375.422135 -1890.968140 20 27
456801.465472 6786375.422135 -1876.722900 21 27
456851.465472 6786375.422135 -1864.684326 22 27
456901.465472 6786375.422135 -1863.322632 23 27
456951.465472 6786375.422135 -1852.321289 24 27
457001.465472 6786375.422135 -1839.707520 25 27
457051.465472 6786375.422135 -1839.976196 26 27
457101.465472 6786375.422135 -1840.250122 27 27
456151.465472 6786425.422135 -1963.282959 8 28
456201.465472 6786425.422135 -1960.544067 9 28
456251.465472 6786425.422135 -1955.572876 10 28
456301.465472 6786425.422135 -1949.440186 11 28
456351.465472 6786425.422135 -1945.061035 12 28
456401.465472 6786425.422135 -1940.417725 13 28
456451.465472 6786425.422135 -1935.140137 14 28
456501.465472 6786425.422135 -1930.530273 15 28
456551.465472 6786425.422135 -1926.597656 16 28
456601.465472 6786425.422135 -1920.957275 17 28
456651.465472 6786425.422135 -1913.617798 18 28
456701.465472 6786425.422135 -1902.797852 19 28
456751.465472 6786425.422135 -1892.655518 20 28
456801.465472 6786425.422135 -1881.650757 21 28
456851.465472 6786425.422135 -1863.441895 22 28
456901.465472 6786425.422135 -1849.152344 23 28
456951.465472 6786425.422135 -1837.619385 24 28
457001.465472 6786425.422135 -1835.352173 25 28
457051.465472 6786425.422135 -1839.816284 26 28
457101.465472 6786425.422135 -1845.752319 27 28
456101.465472 6786475.422135 -1969.804932 7 29
456151.465472 6786475.422135 -1970.130127 8 29
456201.465472 6786475.422135 -1960.604736 9 29
456251.465472 6786475.422135 -1955.621460 10 29
456301.465472 6786475.422135 -1947.952515 11 29
456351.465472 6786475.422135 -1945.008667 12 29
456401.465472 6786475.422135 -1940.190674 13 29
456451.465472 6786475.422135 -1936.686646 14 29
456501.465472 6786475.422135 -1929.611450 15 29
456551.465472 6786475.422135 -1925.909668 16 29
456601.465472 6786475.422135 -1922.039429 17 29
456651.465472 6786475.422135 -1915.572266 18 29
456701.465472 6786475.422135 -1905.489990 19 29
456751.465472 6786475.422135 -1894.623779 20 29
456801.465472 6786475.422135 -1881.637085 21 29
456851.465472 6786475.422135 -1863.762085 22 29
456901.465472 6786475.422135 -1843.303833 23 29
456951.465472 6786475.422135 -1827.697754 24 29
457001.465472 6786475.422135 -1831.218628 25 29
457051.465472 6786475.422135 -1838.972290 26 29
457101.465472 6786475.422135 -1850.635864 27 29
456101.465472 6786525.422135 -1979.913574 7 30
456151.465472 6786525.422135 -1975.978394 8 30
456201.465472 6786525.422135 -1962.650391 9 30
456251.465472 6786525.422135 -1956.163208 10 30
456301.465472 6786525.422135 -1949.159912 11 30
456351.465472 6786525.422135 -1946.760864 12 30
456401.465472 6786525.422135 -1942.081421 13 30
456451.465472 6786525.422135 -1936.108154 14 30
456501.465472 6786525.422135 -1930.414429 15 30
456551.465472 6786525.422135 -1925.883911 16 30
456601.465472 6786525.422135 -1924.017700 17 30
456651.465472 6786525.422135 -1916.157227 18 30
456701.465472 6786525.422135 -1908.283813 19 30
456751.465472 6786525.422135 -1895.844238 20 30
456801.465472 6786525.422135 -1881.713745 21 30
456851.465472 6786525.422135 -1865.750488 22 30
456901.465472 6786525.422135 -1852.511108 23 30
456951.465472 6786525.422135 -1828.251343 24 30
457001.465472 6786525.422135 -1830.581909 25 30
457051.465472 6786525.422135 -1839.746826 26 30
457101.465472 6786525.422135 -1856.834351 27 30
456101.465472 6786575.422135 -1980.995728 7 31
456151.465472 6786575.422135 -1970.683838 8 31
456201.465472 6786575.422135 -1963.198242 9 31
456251.465472 6786575.422135 -1957.451294 10 31
456301.465472 6786575.422135 -1951.043823 11 31
456351.465472 6786575.422135 -1947.200073 12 31
456401.465472 6786575.422135 -1942.810425 13 31
456451.465472 6786575.422135 -1938.106079 14 31
456501.465472 6786575.422135 -1933.924072 15 31
456551.465472 6786575.422135 -1928.778931 16 31
456601.465472 6786575.422135 -1923.694458 17 31
456651.465472 6786575.422135 -1917.233643 18 31
456701.465472 6786575.422135 -1906.101440 19 31
456751.465472 6786575.422135 -1894.777100 20 31
456801.465472 6786575.422135 -1882.867554 21 31
456851.465472 6786575.422135 -1866.069702 22 31
456901.465472 6786575.422135 -1855.800293 23 31
456951.465472 6786575.422135 -1828.331909 24 31
457001.465472 6786575.422135 -1834.462280 25 31
457051.465472 6786575.422135 -1845.701294 26 31
457101.465472 6786575.422135 -1867.489502 27 31
456101.465472 6786625.422135 -1980.558105 7 32
456151.465472 6786625.422135 -1967.333618 8 32
456201.465472 6786625.422135 -1961.894897 9 32
456251.465472 6786625.422135 -1956.903564 10 32
456301.465472 6786625.422135 -1951.435059 11 32
456351.465472 6786625.422135 -1947.654419 12 32
456401.465472 6786625.422135 -1942.874634 13 32
456451.465472 6786625.422135 -1938.472900 14 32
456501.465472 6786625.422135 -1934.726318 15 32
456551.465472 6786625.422135 -1929.541016 16 32
456601.465472 6786625.422135 -1924.024414 17 32
456651.465472 6786625.422135 -1920.120483 18 32
456701.465472 6786625.422135 -1907.991577 19 32
456751.465472 6786625.422135 -1896.316772 20 32
456801.465472 6786625.422135 -1882.911499 21 32
456851.465472 6786625.422135 -1864.315918 22 32
456901.465472 6786625.422135 -1868.493408 23 32
456951.465472 6786625.422135 -1869.425781 24 32
457001.465472 6786625.422135 -1828.070679 25 32
457051.465472 6786625.422135 -1850.938965 26 32
457101.465472 6786625.422135 -1883.013916 27 32
456051.465472 6786675.422135 -1979.086914 6 33
456101.465472 6786675.422135 -1985.279785 7 33
456151.465472 6786675.422135 -1976.955200 8 33
456201.465472 6786675.422135 -1962.707886 9 33
456251.465472 6786675.422135 -1956.477661 10 33
456301.465472 6786675.422135 -1953.147095 11 33
456351.465472 6786675.422135 -1948.755249 12 33
456401.465472 6786675.422135 -1943.508301 13 33
456451.465472 6786675.422135 -1938.891968 14 33
456501.465472 6786675.422135 -1934.379883 15 33
456551.465472 6786675.422135 -1930.541016 16 33
456601.465472 6786675.422135 -1925.107300 17 33
456651.465472 6786675.422135 -1917.414307 18 33
456701.465472 6786675.422135 -1909.453003 19 33
456751.465472 6786675.422135 -1893.136475 20 33
456801.465472 6786675.422135 -1882.172607 21 33
456851.465472 6786675.422135 -1868.439453 22 33
456901.465472 6786675.422135 -1863.087524 23 33
456951.465472 6786675.422135 -1857.367432 24 33
457001.465472 6786675.422135 -1827.775879 25 33
457051.465472 6786675.422135 -1835.812988 26 33
456051.465472 6786725.422135 -1983.527100 6 34
456101.465472 6786725.422135 -1976.842285 7 34
456151.465472 6786725.422135 -1964.692261 8 34
456201.465472 6786725.422135 -1963.338623 9 34
456251.465472 6786725.422135 -1957.698486 10 34
456301.465472 6786725.422135 -1953.163452 11 34
456351.465472 6786725.422135 -1947.022461 12 34
456401.465472 6786725.422135 -1940.440796 13 34
456451.465472 6786725.422135 -1936.558472 14 34
456501.465472 6786725.422135 -1932.091187 15 34
456551.465472 6786725.422135 -1927.624268 16 34
456601.465472 6786725.422135 -1923.341919 17 34
456651.465472 6786725.422135 -1912.532959 18 34
456701.465472 6786725.422135 -1911.839966 19 34
456751.465472 6786725.422135 -1889.397827 20 34
456801.465472 6786725.422135 -1880.915771 21 34
456851.465472 6786725.422135 -1867.323853 22 34
456901.465472 6786725.422135 -1857.669434 23 34
456951.465472 6786725.422135 -1843.350098 24 34
457001.465472 6786725.422135 -1825.180542 25 34
457051.465472 6786725.422135 -1812.450073 26 34
457101.465472 6786725.422135 -1805.895630 27 34
456001.465472 6786775.422135 -1994.333130 5 35
456051.465472 6786775.422135 -1986.178223 6 35
456101.465472 6786775.422135 -1979.313232 7 35
456151.465472 6786775.422135 -1965.370361 8 35
456201.465472 6786775.422135 -1963.031860 9 35
456251.465472 6786775.422135 -1958.891357 10 35
456301.465472 6786775.422135 -1952.995605 11 35
456351.465472 6786775.422135 -1946.752197 12 35
456401.465472 6786775.422135 -1940.617920 13 35
456451.465472 6786775.422135 -1936.657715 14 35
456501.465472 6786775.422135 -1930.935913 15 35
456551.465472 6786775.422135 -1923.627686 16 35
456601.465472 6786775.422135 -1915.659912 17 35
456651.465472 6786775.422135 -1905.282715 18 35
456701.465472 6786775.422135 -1895.118042 19 35
456751.465472 6786775.422135 -1886.376465 20 35
456801.465472 6786775.422135 -1877.629517 21 35
456851.465472 6786775.422135 -1862.435303 22 35
456901.465472 6786775.422135 -1854.677368 23 35
456951.465472 6786775.422135 -1836.307617 24 35
457001.465472 6786775.422135 -1823.697876 25 35
457051.465472 6786775.422135 -1823.928345 26 35
457101.465472 6786775.422135 -1807.559326 27 35
456001.465472 6786825.422135 -2003.640625 5 36
456051.465472 6786825.422135 -1987.258057 6 36
456101.465472 6786825.422135 -1986.447144 7 36
456151.465472 6786825.422135 -1965.052856 8 36
456201.465472 6786825.422135 -1963.440063 9 36
456251.465472 6786825.422135 -1955.703857 10 36
456301.465472 6786825.422135 -1952.989624 11 36
456351.465472 6786825.422135 -1947.772339 12 36
456401.465472 6786825.422135 -1941.869263 13 36
456451.465472 6786825.422135 -1938.822510 14 36
456501.465472 6786825.422135 -1931.657349 15 36
456551.465472 6786825.422135 -1922.012817 16 36
456601.465472 6786825.422135 -1913.904175 17 36
456651.465472 6786825.422135 -1904.584839 18 36
456701.465472 6786825.422135 -1898.500732 19 36
456751.465472 6786825.422135 -1890.016479 20 36
456801.465472 6786825.422135 -1876.855713 21 36
456851.465472 6786825.422135 -1862.475586 22 36
456901.465472 6786825.422135 -1856.812134 23 36
456951.465472 6786825.422135 -1838.763672 24 36
457001.465472 6786825.422135 -1821.405518 25 36
457051.465472 6786825.422135 -1816.215454 26 36
457101.465472 6786825.422135 -1803.343750 27 36
456001.465472 6786875.422135 -2003.905884 5 37
456051.465472 6786875.422135 -1992.754028 6 37
456101.465472 6786875.422135 -1987.078857 7 37
456151.465472 6786875.422135 -1970.122070 8 37
456201.465472 6786875.422135 -1964.082642 9 37
456251.465472 6786875.422135 -1960.000854 10 37
456301.465472 6786875.422135 -1950.605835 11 37
456351.465472 6786875.422135 -1950.819092 12 37
456401.465472 6786875.422135 -1945.998413 13 37
456451.465472 6786875.422135 -1940.653076 14 37
456501.465472 6786875.422135 -1932.840942 15 37
456551.465472 6786875.422135 -1923.320557 16 37
456601.465472 6786875.422135 -1914.902344 17 37
456651.465472 6786875.422135 -1907.523193 18 37
456701.465472 6786875.422135 -1898.989258 19 37
456751.465472 6786875.422135 -1890.791382 20 37
456801.465472 6786875.422135 -1877.399048 21 37
456851.465472 6786875.422135 -1863.505005 22 37
456901.465472 6786875.422135 -1850.296021 23 37
456951.465472 6786875.422135 -1837.203003 24 37
457001.465472 6786875.422135 -1820.293701 25 37
457051.465472 6786875.422135 -1812.434814 26 37
457101.465472 6786875.422135 -1800.087891 27 37
456001.465472 6786925.422135 -2001.579590 5 38
456051.465472 6786925.422135 -1996.688965 6 38
456101.465472 6786925.422135 -1988.720459 7 38
456151.465472 6786925.422135 -1974.343872 8 38
456201.465472 6786925.422135 -1964.753174 9 38
456251.465472 6786925.422135 -1958.034668 10 38
456301.465472 6786925.422135 -1968.585571 11 38
456351.465472 6786925.422135 -1962.953247 12 38
456401.465472 6786925.422135 -1952.753540 13 38
456451.465472 6786925.422135 -1943.614502 14 38
456501.465472 6786925.422135 -1935.879517 15 38
456551.465472 6786925.422135 -1923.998169 16 38
456601.465472 6786925.422135 -1917.140015 17 38
456651.465472 6786925.422135 -1904.042725 18 38
456701.465472 6786925.422135 -1894.624512 19 38
456751.465472 6786925.422135 -1886.150757 20 38
456801.465472 6786925.422135 -1876.607788 21 38
456851.465472 6786925.422135 -1857.961060 22 38
456901.465472 6786925.422135 -1847.065308 23 38
456951.465472 6786925.422135 -1826.918091 24 38
457001.465472 6786925.422135 -1813.432007 25 38
457051.465472 6786925.422135 -1814.126831 26 38
457101.465472 6786925.422135 -1799.269165 27 38
456001.465472 6786975.422135 -1999.740479 5 39
456051.465472 6786975.422135 -1998.347412 6 39
456101.465472 6786975.422135 -1992.176758 7 39
456151.465472 6786975.422135 -1978.069458 8 39
456201.465472 6786975.422135 -1970.044189 9 39
456251.465472 6786975.422135 -1969.171875 10 39
456301.465472 6786975.422135 -1968.404297 11 39
456351.465472 6786975.422135 -1968.907104 12 39
456401.465472 6786975.422135 -1957.216187 13 39
456451.465472 6786975.422135 -1946.916016 14 39
456501.465472 6786975.422135 -1939.625488 15 39
456551.465472 6786975.422135 -1925.049194 16 39
456601.465472 6786975.422135 -1919.504028 17 39
456651.465472 6786975.422135 -1904.510132 18 39
456701.465472 6786975.422135 -1889.885132 19 39
456751.465472 6786975.422135 -1884.347290 20 39
456801.465472 6786975.422135 -1877.380615 21 39
456851.465472 6786975.422135 -1859.175293 22 39
456901.465472 6786975.422135 -1842.061523 23 39
456951.465472 6786975.422135 -1827.375488 24 39
457001.465472 6786975.422135 -1812.544189 25 39
457051.465472 6786975.422135 -1806.675415 26 39
457101.465472 6786975.422135 -1794.377319 27 39
456051.465472 6787025.422135 -2000.136597 6 40
456101.465472 6787025.422135 -1993.577637 7 40
456151.465472 6787025.422135 -1985.661621 8 40
456201.465472 6787025.422135 -1980.381104 9 40
456251.465472 6787025.422135 -1978.677124 10 40
456301.465472 6787025.422135 -1973.922729 11 40
456351.465472 6787025.422135 -1968.855713 12 40
456401.465472 6787025.422135 -1959.537109 13 40
456451.465472 6787025.422135 -1949.918091 14 40
456501.465472 6787025.422135 -1941.702515 15 40
456551.465472 6787025.422135 -1929.049072 16 40
456601.465472 6787025.422135 -1919.293579 17 40
456651.465472 6787025.422135 -1907.187012 18 40
456701.465472 6787025.422135 -1886.694214 19 40
456751.465472 6787025.422135 -1880.927612 20 40
456801.465472 6787025.422135 -1860.812988 21 40
456851.465472 6787025.422135 -1850.127930 22 40
456901.465472 6787025.422135 -1835.995728 23 40
456951.465472 6787025.422135 -1823.895508 24 40
457001.465472 6787025.422135 -1808.943604 25 40
457051.465472 6787025.422135 -1799.260864 26 40
456051.465472 6787075.422135 -2003.460083 6 41
456101.465472 6787075.422135 -1995.588867 7 41
456151.465472 6787075.422135 -1992.718506 8 41
456201.465472 6787075.422135 -1989.223755 9 41
456251.465472 6787075.422135 -1987.041992 10 41
456301.465472 6787075.422135 -1978.803833 11 41
456351.465472 6787075.422135 -1968.902344 12 41
456401.465472 6787075.422135 -1960.859497 13 41
456451.465472 6787075.422135 -1951.807739 14 41
456501.465472 6787075.422135 -1945.294922 15 41
456551.465472 6787075.422135 -1933.115112 16 41
456601.465472 6787075.422135 -1923.175293 17 41
456651.465472 6787075.422135 -1916.895264 18 41
456701.465472 6787075.422135 -1900.133423 19 41
456751.465472 6787075.422135 -1887.860840 20 41
456801.465472 6787075.422135 -1861.090698 21 41
456851.465472 6787075.422135 -1850.524292 22 41
456901.465472 6787075.422135 -1831.076172 23 41
456951.465472 6787075.422135 -1825.132813 24 41
457001.465472 6787075.422135 -1810.659668 25 41
457051.465472 6787075.422135 -1800.456787 26 41
457101.465472 6787075.422135 -1790.527344 27 41
456051.465472 6787125.422135 -2005.488281 6 42
456101.465472 6787125.422135 -1999.907837 7 42
456151.465472 6787125.422135 -1997.935425 8 42
456201.465472 6787125.422135 -1994.534546 9 42
456251.465472 6787125.422135 -1989.839844 10 42
456301.465472 6787125.422135 -1980.763184 11 42
456351.465472 6787125.422135 -1970.713379 12 42
456401.465472 6787125.422135 -1962.840210 13 42
456451.465472 6787125.422135 -1954.354492 14 42
456501.465472 6787125.422135 -1947.257813 15 42
456551.465472 6787125.422135 -1937.640259 16 42
456601.465472 6787125.422135 -1928.990723 17 42
456651.465472 6787125.422135 -1920.789063 18 42
456701.465472 6787125.422135 -1906.097656 19 42
456751.465472 6787125.422135 -1887.688721 20 42
456801.465472 6787125.422135 -1877.569580 21 42
456851.465472 6787125.422135 -1881.312012 22 42
456901.465472 6787125.422135 -1844.155884 23 42
456951.465472 6787125.422135 -1824.845825 24 42
457001.465472 6787125.422135 -1812.440308 25 42
457051.465472 6787125.422135 -1806.985352 26 42
457101.465472 6787125.422135 -1795.201172 27 42
456051.465472 6787175.422135 -2005.677246 6 43
456101.465472 6787175.422135 -2003.700073 7 43
456151.465472 6787175.422135 -2001.618042 8 43
456201.465472 6787175.422135 -1997.427246 9 43
456251.465472 6787175.422135 -1987.627686 10 43
456301.465472 6787175.422135 -1981.601685 11 43
456351.465472 6787175.422135 -1971.290161 12 43
456401.465472 6787175.422135 -1965.174683 13 43
456451.465472 6787175.422135 -1957.043823 14 43
456501.465472 6787175.422135 -1947.974976 15 43
456551.465472 6787175.422135 -1938.840088 16 43
456601.465472 6787175.422135 -1933.605103 17 43
456651.465472 6787175.422135 -1922.245850 18 43
456701.465472 6787175.422135 -1906.884888 19 43
456751.465472 6787175.422135 -1888.357300 20 43
456801.465472 6787175.422135 -1872.343506 21 43
456851.465472 6787175.422135 -1877.127075 22 43
456901.465472 6787175.422135 -1839.701294 23 43
456951.465472 6787175.422135 -1824.637329 24 43
457001.465472 6787175.422135 -1816.567871 25 43
457051.465472 6787175.422135 -1809.242798 26 43
457101.465472 6787175.422135 -1798.412354 27 43
456051.465472 6787225.422135 -2006.002075 6 44
456101.465472 6787225.422135 -2005.445313 7 44
456151.465472 6787225.422135 -2004.126465 8 44
456201.465472 6787225.422135 -2000.258179 9 44
456251.465472 6787225.422135 -1988.984741 10 44
456301.465472 6787225.422135 -1982.021118 11 44
456351.465472 6787225.422135 -1971.017822 12 44
456401.465472 6787225.422135 -1967.284424 13 44
456451.465472 6787225.422135 -1958.538086 14 44
456501.465472 6787225.422135 -1947.507324 15 44
456551.465472 6787225.422135 -1936.660522 16 44
456601.465472 6787225.422135 -1930.274414 17 44
456651.465472 6787225.422135 -1917.809204 18 44
456701.465472 6787225.422135 -1903.507690 19 44
456751.465472 6787225.422135 -1890.167603 20 44
456801.465472 6787225.422135 -1869.423706 21 44
456851.465472 6787225.422135 -1878.564453 22 44
456901.465472 6787225.422135 -1851.538696 23 44
456951.465472 6787225.422135 -1830.728394 24 44
457001.465472 6787225.422135 -1817.144165 25 44
457051.465472 6787225.422135 -1808.636841 26 44
457101.465472 6787225.422135 -1800.658325 27 44
456051.465472 6787275.422135 -2008.525513 6 45
456101.465472 6787275.422135 -2005.501343 7 45
456151.465472 6787275.422135 -2002.369263 8 45
456201.465472 6787275.422135 -1997.918457 9 45
456251.465472 6787275.422135 -1989.136597 10 45
456301.465472 6787275.422135 -1986.145996 11 45
456351.465472 6787275.422135 -1976.311646 12 45
456401.465472 6787275.422135 -1968.240601 13 45
456451.465472 6787275.422135 -1958.416504 14 45
456501.465472 6787275.422135 -1946.698486 15 45
456551.465472 6787275.422135 -1936.595825 16 45
456601.465472 6787275.422135 -1928.458252 17 45
456651.465472 6787275.422135 -1908.395142 18 45
456701.465472 6787275.422135 -1898.599976 19 45
456751.465472 6787275.422135 -1885.263794 20 45
456801.465472 6787275.422135 -1871.053467 21 45
456851.465472 6787275.422135 -1884.269897 22 45
456901.465472 6787275.422135 -1848.567383 23 45
456951.465472 6787275.422135 -1835.392334 24 45
457001.465472 6787275.422135 -1821.969849 25 45
457051.465472 6787275.422135 -1811.717163 26 45
457101.465472 6787275.422135 -1805.289551 27 45
456001.465472 6787325.422135 -2013.426147 5 46
456051.465472 6787325.422135 -2010.643921 6 46
456101.465472 6787325.422135 -2005.367554 7 46
456151.465472 6787325.422135 -2001.005371 8 46
456201.465472 6787325.422135 -1998.619263 9 46
456251.465472 6787325.422135 -1994.013184 10 46
456301.465472 6787325.422135 -1987.235229 11 46
456351.465472 6787325.422135 -1979.265259 12 46
456401.465472 6787325.422135 -1969.287964 13 46
456451.465472 6787325.422135 -1959.284302 14 46
456501.465472 6787325.422135 -1947.265747 15 46
456551.465472 6787325.422135 -1940.797852 16 46
456601.465472 6787325.422135 -1930.169434 17 46
456651.465472 6787325.422135 -1908.502319 18 46
456701.465472 6787325.422135 -1901.007446 19 46
456751.465472 6787325.422135 -1877.725098 20 46
456801.465472 6787325.422135 -1890.357300 21 46
456851.465472 6787325.422135 -1880.975830 22 46
456901.465472 6787325.422135 -1844.624390 23 46
456951.465472 6787325.422135 -1838.371094 24 46
457001.465472 6787325.422135 -1826.863037 25 46
457051.465472 6787325.422135 -1818.251831 26 46
457101.465472 6787325.422135 -1813.004395 27 46
455951.465472 6787375.422135 -2019.025635 4 47
456001.465472 6787375.422135 -2014.020386 5 47
456051.465472 6787375.422135 -2010.343750 6 47
456101.465472 6787375.422135 -2005.817505 7 47
456151.465472 6787375.422135 -2002.174438 8 47
456201.465472 6787375.422135 -1999.759521 9 47
456251.465472 6787375.422135 -1997.632813 10 47
456301.465472 6787375.422135 -1989.835083 11 47
456351.465472 6787375.422135 -1980.806641 12 47
456401.465472 6787375.422135 -1971.043579 13 47
456451.465472 6787375.422135 -1960.651978 14 47
456501.465472 6787375.422135 -1950.235718 15 47
456551.465472 6787375.422135 -1942.824341 16 47
456601.465472 6787375.422135 -1931.401245 17 47
456651.465472 6787375.422135 -1915.483398 18 47
456701.465472 6787375.422135 -1905.148315 19 47
456751.465472 6787375.422135 -1885.278564 20 47
456801.465472 6787375.422135 -1895.293701 21 47
456851.465472 6787375.422135 -1885.528687 22 47
456901.465472 6787375.422135 -1843.002319 23 47
456951.465472 6787375.422135 -1833.940796 24 47
457001.465472 6787375.422135 -1824.139893 25 47
457051.465472 6787375.422135 -1826.700073 26 47
455951.465472 6787425.422135 -2021.668945 4 48
456001.465472 6787425.422135 -2014.425903 5 48
456051.465472 6787425.422135 -2009.076538 6 48
456101.465472 6787425.422135 -2005.854004 7 48
456151.465472 6787425.422135 -2002.227661 8 48
456201.465472 6787425.422135 -1999.122925 9 48
456251.465472 6787425.422135 -1997.932739 10 48
456301.465472 6787425.422135 -1990.576172 11 48
456351.465472 6787425.422135 -1982.435059 12 48
456401.465472 6787425.422135 -1973.987061 13 48
456451.465472 6787425.422135 -1963.035522 14 48
456501.465472 6787425.422135 -1952.118530 15 48
456551.465472 6787425.422135 -1944.098511 16 48
456601.465472 6787425.422135 -1934.013428 17 48
456651.465472 6787425.422135 -1923.509766 18 48
456701.465472 6787425.422135 -1924.073120 19 48
456751.465472 6787425.422135 -1899.928467 20 48
456801.465472 6787425.422135 -1895.252319 21 48
456851.465472 6787425.422135 -1878.654907 22 48
456901.465472 6787425.422135 -1843.995605 23 48
456951.465472 6787425.422135 -1835.361206 24 48
457001.465472 6787425.422135 -1833.416870 25 48
457051.465472 6787425.422135 -1830.263916 26 48
455901.465472 6787475.422135 -2025.721436 3 49
455951.465472 6787475.422135 -2022.909546 4 49
456001.465472 6787475.422135 -2014.064575 5 49
456051.465472 6787475.422135 -2009.702271 6 49
456101.465472 6787475.422135 -2006.956299 7 49
456151.465472 6787475.422135 -2003.464111 8 49
456201.465472 6787475.422135 -1997.130005 9 49
456251.465472 6787475.422135 -1995.143311 10 49
456301.465472 6787475.422135 -1992.111206 11 49
456351.465472 6787475.422135 -1980.215942 12 49
456401.465472 6787475.422135 -1975.165039 13 49
456451.465472 6787475.422135 -1963.845093 14 49
456501.465472 6787475.422135 -1953.951904 15 49
456551.465472 6787475.422135 -1945.921753 16 49
456601.465472 6787475.422135 -1933.355835 17 49
456651.465472 6787475.422135 -1925.831055 18 49
456701.465472 6787475.422135 -1915.055298 19 49
456751.465472 6787475.422135 -1896.428833 20 49
456801.465472 6787475.422135 -1897.675903 21 49
456851.465472 6787475.422135 -1874.077759 22 49
456901.465472 6787475.422135 -1865.645996 23 49
456951.465472 6787475.422135 -1838.155762 24 49
457001.465472 6787475.422135 -1835.400757 25 49
457051.465472 6787475.422135 -1834.102783 26 49
457101.465472 6787475.422135 -1830.637939 27 49
455851.465472 6787525.422135 -2038.573730 2 50
455901.465472 6787525.422135 -2027.490723 3 50
455951.465472 6787525.422135 -2025.701294 4 50
456001.465472 6787525.422135 -2020.744629 5 50
456051.465472 6787525.422135 -2010.883301 6 50
456101.465472 6787525.422135 -2006.208862 7 50
456151.465472 6787525.422135 -2003.218262 8 50
456201.465472 6787525.422135 -1997.656006 9 50
456251.465472 6787525.422135 -1996.739990 10 50
456301.465472 6787525.422135 -1997.933960 11 50
456351.465472 6787525.422135 -1981.242920 12 50
456401.465472 6787525.422135 -1978.868042 13 50
456451.465472 6787525.422135 -1966.017456 14 50
456501.465472 6787525.422135 -1954.919312 15 50
456551.465472 6787525.422135 -1948.074219 16 50
456601.465472 6787525.422135 -1934.243164 17 50
456651.465472 6787525.422135 -1929.466675 18 50
456701.465472 6787525.422135 -1910.429443 19 50
456751.465472 6787525.422135 -1898.428223 20 50
456801.465472 6787525.422135 -1902.799683 21 50
456851.465472 6787525.422135 -1866.706909 22 50
456901.465472 6787525.422135 -1859.013428 23 50
456951.465472 6787525.422135 -1845.016602 24 50
457001.465472 6787525.422135 -1837.172241 25 50
457051.465472 6787525.422135 -1838.719971 26 50
457101.465472 6787525.422135 -1834.174805 27 50
455851.465472 6787575.422135 -2045.832031 2 51
455901.465472 6787575.422135 -2033.923218 3 51
455951.465472 6787575.422135 -2025.828979 4 51
456001.465472 6787575.422135 -2015.572144 5 51
456051.465472 6787575.422135 -2008.223145 6 51
456101.465472 6787575.422135 -2009.520874 7 51
456151.465472 6787575.422135 -2007.897339 8 51
456201.465472 6787575.422135 -1998.692139 9 51
456251.465472 6787575.422135 -1995.270386 10 51
456301.465472 6787575.422135 -1988.307007 11 51
456351.465472 6787575.422135 -1983.924438 12 51
456401.465472 6787575.422135 -1978.868408 13 51
456451.465472 6787575.422135 -1966.247925 14 51
456501.465472 6787575.422135 -1956.662964 15 51
456551.465472 6787575.422135 -1945.596924 16 51
456601.465472 6787575.422135 -1931.795898 17 51
456651.465472 6787575.422135 -1940.817505 18 51
456701.465472 6787575.422135 -1914.129272 19 51
456751.465472 6787575.422135 -1906.053223 20 51
456801.465472 6787575.422135 -1909.096313 21 51
456851.465472 6787575.422135 -1867.177246 22 51
456901.465472 6787575.422135 -1860.861816 23 51
456951.465472 6787575.422135 -1845.410400 24 51
457001.465472 6787575.422135 -1840.132568 25 51
457051.465472 6787575.422135 -1840.906250 26 51
457101.465472 6787575.422135 -1829.116699 27 51
455851.465472 6787625.422135 -2049.002686 2 52
455901.465472 6787625.422135 -2032.293457 3 52
455951.465472 6787625.422135 -2019.904663 4 52
456001.465472 6787625.422135 -2017.317871 5 52
456051.465472 6787625.422135 -2012.809692 6 52
456101.465472 6787625.422135 -2009.531494 7 52
456151.465472 6787625.422135 -2008.293823 8 52
456201.465472 6787625.422135 -2003.142944 9 52
456251.465472 6787625.422135 -2000.505737 10 52
456301.465472 6787625.422135 -1992.911133 11 52
456351.465472 6787625.422135 -1987.591309 12 52
456401.465472 6787625.422135 -1975.476929 13 52
456451.465472 6787625.422135 -1967.780884 14 52
456501.465472 6787625.422135 -1957.303955 15 52
456551.465472 6787625.422135 -1944.287109 16 52
456601.465472 6787625.422135 -1933.921875 17 52
456651.465472 6787625.422135 -1932.808350 18 52
456701.465472 6787625.422135 -1913.332642 19 52
456751.465472 6787625.422135 -1886.034058 20 52
456801.465472 6787625.422135 -1879.416382 21 52
456851.465472 6787625.422135 -1865.668945 22 52
456901.465472 6787625.422135 -1858.571289 23 52
456951.465472 6787625.422135 -1847.705322 24 52
457001.465472 6787625.422135 -1842.835815 25 52
457051.465472 6787625.422135 -1845.200439 26 52
457101.465472 6787625.422135 -1837.656494 27 52
455851.465472 6787675.422135 -2024.957764 2 53
455901.465472 6787675.422135 -2030.817261 3 53
455951.465472 6787675.422135 -2022.681274 4 53
456001.465472 6787675.422135 -2022.675903 5 53
456051.465472 6787675.422135 -2014.334595 6 53
456101.465472 6787675.422135 -2014.074341 7 53
456151.465472 6787675.422135 -2009.991333 8 53
456201.465472 6787675.422135 -2003.740601 9 53
456251.465472 6787675.422135 -2002.412842 10 53
456301.465472 6787675.422135 -1997.180420 11 53
456351.465472 6787675.422135 -1989.214966 12 53
456401.465472 6787675.422135 -1982.263306 13 53
456451.465472 6787675.422135 -1968.125854 14 53
456501.465472 6787675.422135 -1955.973022 15 53
456551.465472 6787675.422135 -1939.325562 16 53
456601.465472 6787675.422135 -1933.162231 17 53
456651.465472 6787675.422135 -1911.740356 18 53
456701.465472 6787675.422135 -1902.553467 19 53
456751.465472 6787675.422135 -1888.636963 20 53
456801.465472 6787675.422135 -1876.959473 21 53
456851.465472 6787675.422135 -1864.801636 22 53
456901.465472 6787675.422135 -1857.574341 23 53
456951.465472 6787675.422135 -1854.499146 24 53
457001.465472 6787675.422135 -1849.974243 25 53
457051.465472 6787675.422135 -1842.144897 26 53
455851.465472 6787725.422135 -2034.795410 2 54
455901.465472 6787725.422135 -2032.433716 3 54
455951.465472 6787725.422135 -2022.951904 4 54
456001.465472 6787725.422135 -2024.747437 5 54
456051.465472 6787725.422135 -2017.093506 6 54
456101.465472 6787725.422135 -2012.564697 7 54
456151.465472 6787725.422135 -2006.049072 8 54
456201.465472 6787725.422135 -2004.066895 9 54
456251.465472 6787725.422135 -1999.016479 10 54
456301.465472 6787725.422135 -1997.020508 11 54
456351.465472 6787725.422135 -1991.294922 12 54
456401.465472 6787725.422135 -1981.626953 13 54
456451.465472 6787725.422135 -1970.855469 14 54
456501.465472 6787725.422135 -1957.534302 15 54
456551.465472 6787725.422135 -1940.430664 16 54
456601.465472 6787725.422135 -1937.001099 17 54
456651.465472 6787725.422135 -1906.847290 18 54
456701.465472 6787725.422135 -1897.291504 19 54
456751.465472 6787725.422135 -1885.480957 20 54
456801.465472 6787725.422135 -1887.821777 21 54
456851.465472 6787725.422135 -1860.500610 22 54
456901.465472 6787725.422135 -1857.847412 23 54
456951.465472 6787725.422135 -1855.422607 24 54
457001.465472 6787725.422135 -1855.956543 25 54
455851.465472 6787775.422135 -2034.612671 2 55
455901.465472 6787775.422135 -2029.167114 3 55
455951.465472 6787775.422135 -2023.108887 4 55
456001.465472 6787775.422135 -2016.886230 5 55
456051.465472 6787775.422135 -2011.269775 6 55
456101.465472 6787775.422135 -2009.528931 7 55
456151.465472 6787775.422135 -2006.841919 8 55
456201.465472 6787775.422135 -2002.733521 9 55
456251.465472 6787775.422135 -1998.742920 10 55
456301.465472 6787775.422135 -1996.685181 11 55
456351.465472 6787775.422135 -1989.420288 12 55
456401.465472 6787775.422135 -1981.003906 13 55
456451.465472 6787775.422135 -1969.387817 14 55
456501.465472 6787775.422135 -1957.611694 15 55
456551.465472 6787775.422135 -1945.233154 16 55
456601.465472 6787775.422135 -1949.531738 17 55
456651.465472 6787775.422135 -1923.856079 18 55
456701.465472 6787775.422135 -1909.292480 19 55
456751.465472 6787775.422135 -1889.398193 20 55
456801.465472 6787775.422135 -1874.007935 21 55
456851.465472 6787775.422135 -1857.159302 22 55
456901.465472 6787775.422135 -1832.184204 23 55
455851.465472 6787825.422135 -2032.394531 2 56
455901.465472 6787825.422135 -2029.088989 3 56
455951.465472 6787825.422135 -2023.311035 4 56
456001.465472 6787825.422135 -2018.764893 5 56
456051.465472 6787825.422135 -2012.237793 6 56
456101.465472 6787825.422135 -2009.593018 7 56
456151.465472 6787825.422135 -2009.231689 8 56
456201.465472 6787825.422135 -2003.483887 9 56
456251.465472 6787825.422135 -1997.615723 10 56
456301.465472 6787825.422135 -1994.859497 11 56
456351.465472 6787825.422135 -1989.100220 12 56
456401.465472 6787825.422135 -1981.810669 13 56
456451.465472 6787825.422135 -1975.015625 14 56
456501.465472 6787825.422135 -1965.987671 15 56
456551.465472 6787825.422135 -1950.558228 16 56
456601.465472 6787825.422135 -1948.052368 17 56
456651.465472 6787825.422135 -1925.949097 18 56
456701.465472 6787825.422135 -1908.103271 19 56
456751.465472 6787825.422135 -1914.727051 20 56
456801.465472 6787825.422135 -1928.343628 21 56
456851.465472 6787825.422135 -1896.296265 22 56
455851.465472 6787875.422135 -2036.584351 2 57
455901.465472 6787875.422135 -2032.262695 3 57
455951.465472 6787875.422135 -2027.950317 4 57
456001.465472 6787875.422135 -2027.086060 5 57
456051.465472 6787875.422135 -2018.487061 6 57
456101.465472 6787875.422135 -2016.306763 7 57
456151.465472 6787875.422135 -2013.948242 8 57
456201.465472 6787875.422135 -2013.301636 9 57
456251.465472 6787875.422135 -2007.307617 10 57
456301.465472 6787875.422135 -2002.665161 11 57
456351.465472 6787875.422135 -1992.011353 12 57
456401.465472 6787875.422135 -1999.964600 13 57
456451.465472 6787875.422135 -1986.397095 14 57
456501.465472 6787875.422135 -1972.895874 15 57
456551.465472 6787875.422135 -1957.884644 16 57
456601.465472 6787875.422135 -1946.300903 17 57
456651.465472 6787875.422135 -1931.535522 18 57
456701.465472 6787875.422135 -1924.767456 19 57
456751.465472 6787875.422135 -1919.034668 20 57
456801.465472 6787875.422135 -1947.808838 21 57
456851.465472 6787875.422135 -1948.102173 22 57
455901.465472 6787925.422135 -2036.817627 3 58
455951.465472 6787925.422135 -2032.505371 4 58
456001.465472 6787925.422135 -2035.003540 5 58
456051.465472 6787925.422135 -2025.867188 6 58
456101.465472 6787925.422135 -2022.159912 7 58
456151.465472 6787925.422135 -2024.085693 8 58
456201.465472 6787925.422135 -2020.131470 9 58
456251.465472 6787925.422135 -2016.063599 10 58
456301.465472 6787925.422135 -2012.006104 11 58
456351.465472 6787925.422135 -2000.555908 12 58
456401.465472 6787925.422135 -1994.685181 13 58
456451.465472 6787925.422135 -1985.479370 14 58
456501.465472 6787925.422135 -1973.910034 15 58
456551.465472 6787925.422135 -1961.517212 16 58
456601.465472 6787925.422135 -1951.948486 17 58
456651.465472 6787925.422135 -1941.718018 18 58
456701.465472 6787925.422135 -1933.318115 19 58
456751.465472 6787925.422135 -1920.948486 20 58
456801.465472 6787925.422135 -1946.202637 21 58
456851.465472 6787925.422135 -1929.732300 22 58
456901.465472 6787925.422135 -1911.956177 23 58
456951.465472 6787925.422135 -1914.430908 24 58
455901.465472 6787975.422135 -2045.708130 3 59
455951.465472 6787975.422135 -2042.652344 4 59
456001.465472 6787975.422135 -2045.665283 5 59
456051.465472 6787975.422135 -2031.321777 6 59
456101.465472 6787975.422135 -2029.848389 7 59
456151.465472 6787975.422135 -2032.596680 8 59
456201.465472 6787975.422135 -2024.718872 9 59
456251.465472 6787975.422135 -2020.852051 10 59
456301.465472 6787975.422135 -2020.695313 11 59
456351.465472 6787975.422135 -2002.468262 12 59
456401.465472 6787975.422135 -1997.396729 13 59
456451.465472 6787975.422135 -1991.102661 14 59
456501.465472 6787975.422135 -1978.945190 15 59
456551.465472 6787975.422135 -1969.161133 16 59
456601.465472 6787975.422135 -1956.464478 17 59
456651.465472 6787975.422135 -1938.392212 18 59
456701.465472 6787975.422135 -1933.471313 19 59
456751.465472 6787975.422135 -1911.589966 20 59
456801.465472 6787975.422135 -1914.384888 21 59
456851.465472 6787975.422135 -1895.229248 22 59
456901.465472 6787975.422135 -1878.097168 23 59
456951.465472 6787975.422135 -1874.039673 24 59
457001.465472 6787975.422135 -1876.270142 25 59
457051.465472 6787975.422135 -1890.260010 26 59
455951.465472 6788025.422135 -2048.220215 4 60
456001.465472 6788025.422135 -2045.500732 5 60
456051.465472 6788025.422135 -2035.978149 6 60
456101.465472 6788025.422135 -2040.647339 7 60
456151.465472 6788025.422135 -2040.161133 8 60
456201.465472 6788025.422135 -2037.500000 9 60
456251.465472 6788025.422135 -2029.318237 10 60
456301.465472 6788025.422135 -2026.577637 11 60
456351.465472 6788025.422135 -2013.634644 12 60
456401.465472 6788025.422135 -2005.752808 13 60
456451.465472 6788025.422135 -1996.867432 14 60
456501.465472 6788025.422135 -1987.791382 15 60
456551.465472 6788025.422135 -1975.611572 16 60
456601.465472 6788025.422135 -1961.910400 17 60
456651.465472 6788025.422135 -1942.295044 18 60
456701.465472 6788025.422135 -1931.010986 19 60
456751.465472 6788025.422135 -1904.584106 20 60
456801.465472 6788025.422135 -1900.274170 21 60
456851.465472 6788025.422135 -1890.469360 22 60
456901.465472 6788025.422135 -1881.724487 23 60
456951.465472 6788025.422135 -1860.346436 24 60
457001.465472 6788025.422135 -1847.318848 25 60
457051.465472 6788025.422135 -1851.923340 26 60
455951.465472 6788075.422135 -2058.098145 4 61
456001.465472 6788075.422135 -2053.713379 5 61
456051.465472 6788075.422135 -2041.962891 6 61
456101.465472 6788075.422135 -2050.233887 7 61
456151.465472 6788075.422135 -2048.002930 8 61
456201.465472 6788075.422135 -2044.136963 9 61
456251.465472 6788075.422135 -2035.977173 10 61
456301.465472 6788075.422135 -2029.990967 11 61
456351.465472 6788075.422135 -2018.527344 12 61
456401.465472 6788075.422135 -2010.186401 13 61
456451.465472 6788075.422135 -1998.245972 14 61
456501.465472 6788075.422135 -1988.960938 15 61
456551.465472 6788075.422135 -1980.309448 16 61
456601.465472 6788075.422135 -1963.766235 17 61
456651.465472 6788075.422135 -1948.029053 18 61
456701.465472 6788075.422135 -1947.706909 19 61
456751.465472 6788075.422135 -1934.934204 20 61
456801.465472 6788075.422135 -1924.120361 21 61
456851.465472 6788075.422135 -1900.896484 22 61
456901.465472 6788075.422135 -1886.581909 23 61
456951.465472 6788075.422135 -1881.166992 24 61
457001.465472 6788075.422135 -1890.440430 25 61
457051.465472 6788075.422135 -1861.974121 26 61
455901.465472 6788125.422135 -2060.476318 3 62
455951.465472 6788125.422135 -2060.480469 4 62
456001.465472 6788125.422135 -2067.945557 5 62
456051.465472 6788125.422135 -2054.371826 6 62
456101.465472 6788125.422135 -2052.039795 7 62
456151.465472 6788125.422135 -2052.518555 8 62
456201.465472 6788125.422135 -2048.593750 9 62
456251.465472 6788125.422135 -2039.976685 10 62
456301.465472 6788125.422135 -2034.568726 11 62
456351.465472 6788125.422135 -2023.356689 12 62
456401.465472 6788125.422135 -2011.755615 13 62
456451.465472 6788125.422135 -2002.258667 14 62
456501.465472 6788125.422135 -1991.115723 15 62
456551.465472 6788125.422135 -1985.960449 16 62
456601.465472 6788125.422135 -1966.508423 17 62
456651.465472 6788125.422135 -1957.337036 18 62
456701.465472 6788125.422135 -1943.124878 19 62
456751.465472 6788125.422135 -1928.497192 20 62
456801.465472 6788125.422135 -1915.581421 21 62
456851.465472 6788125.422135 -1907.671143 22 62
456901.465472 6788125.422135 -1891.076538 23 62
456951.465472 6788125.422135 -1879.584961 24 62
457001.465472 6788125.422135 -1891.328979 25 62
457051.465472 6788125.422135 -1868.930176 26 62
455901.465472 6788175.422135 -2068.299805 3 63
455951.465472 6788175.422135 -2069.192139 4 63
456001.465472 6788175.422135 -2067.563721 5 63
456051.465472 6788175.422135 -2066.248535 6 63
456101.465472 6788175.422135 -2062.936035 7 63
456151.465472 6788175.422135 -2053.600098 8 63
456201.465472 6788175.422135 -2050.177002 9 63
456251.465472 6788175.422135 -2046.332764 10 63
456301.465472 6788175.422135 -2036.136841 11 63
456351.465472 6788175.422135 -2025.113037 12 63
456401.465472 6788175.422135 -2011.171631 13 63
456451.465472 6788175.422135 -2005.423096 14 63
456501.465472 6788175.422135 -1992.319824 15 63
456551.465472 6788175.422135 -1984.864136 16 63
456601.465472 6788175.422135 -1971.117188 17 63
456651.465472 6788175.422135 -1968.430176 18 63
456701.465472 6788175.422135 -1963.087402 19 63
456751.465472 6788175.422135 -1936.442871 20 63
456801.465472 6788175.422135 -1918.576172 21 63
456851.465472 6788175.422135 -1914.637329 22 63
456901.465472 6788175.422135 -1887.301025 23 63
456951.465472 6788175.422135 -1876.693726 24 63
457001.465472 6788175.422135 -1880.702393 25 63
457051.465472 6788175.422135 -1854.469238 26 63
455901.465472 6788225.422135 -2067.731445 3 64
455951.465472 6788225.422135 -2068.601807 4 64
456001.465472 6788225.422135 -2061.273193 5 64
456051.465472 6788225.422135 -2056.671875 6 64
456101.465472 6788225.422135 -2059.646729 7 64
456151.465472 6788225.422135 -2053.770996 8 64
456201.465472 6788225.422135 -2050.906494 9 64
456251.465472 6788225.422135 -2046.757813 10 64
456301.465472 6788225.422135 -2037.727051 11 64
456351.465472 6788225.422135 -2031.010010 12 64
456401.465472 6788225.422135 -2017.122681 13 64
456451.465472 6788225.422135 -2008.996704 14 64
456501.465472 6788225.422135 -1997.162109 15 64
456551.465472 6788225.422135 -1991.099243 16 64
456601.465472 6788225.422135 -1973.972900 17 64
456651.465472 6788225.422135 -1957.024536 18 64
456701.465472 6788225.422135 -1944.345703 19 64
456751.465472 6788225.422135 -1934.526001 20 64
456801.465472 6788225.422135 -1920.270020 21 64
456851.465472 6788225.422135 -1915.159912 22 64
456901.465472 6788225.422135 -1894.159058 23 64
456951.465472 6788225.422135 -1882.905640 24 64
457001.465472 6788225.422135 -1867.416992 25 64
457051.465472 6788225.422135 -1846.781982 26 64
455851.465472 6788275.422135 -2073.651855 2 65
455901.465472 6788275.422135 -2066.239746 3 65
455951.465472 6788275.422135 -2061.510498 4 65
456001.465472 6788275.422135 -2056.571045 5 65
456051.465472 6788275.422135 -2058.287598 6 65
456101.465472 6788275.422135 -2059.051270 7 65
456151.465472 6788275.422135 -2057.125977 8 65
456201.465472 6788275.422135 -2052.852539 9 65
456251.465472 6788275.422135 -2050.958252 10 65
456301.465472 6788275.422135 -2041.923706 11 65
456351.465472 6788275.422135 -2033.588501 12 65
456401.465472 6788275.422135 -2025.675781 13 65
456451.465472 6788275.422135 -2017.928711 14 65
456501.465472 6788275.422135 -2003.577026 15 65
456551.465472 6788275.422135 -1998.300415 16 65
456601.465472 6788275.422135 -1988.450073 17 65
456651.465472 6788275.422135 -1966.096069 18 65
456701.465472 6788275.422135 -1951.996094 19 65
456751.465472 6788275.422135 -1938.755981 20 65
456801.465472 6788275.422135 -1933.163330 21 65
456851.465472 6788275.422135 -1915.849365 22 65
456901.465472 6788275.422135 -1901.132202 23 65
456951.465472 6788275.422135 -1891.436890 24 65
457001.465472 6788275.422135 -1872.518066 25 65
457051.465472 6788275.422135 -1860.487671 26 65
457101.465472 6788275.422135 -1847.542114 27 65
455851.465472 6788325.422135 -2072.881592 2 66
455901.465472 6788325.422135 -2065.545410 3 66
455951.465472 6788325.422135 -2061.439941 4 66
456001.465472 6788325.422135 -2055.099609 5 66
456051.465472 6788325.422135 -2056.198975 6 66
456101.465472 6788325.422135 -2060.512207 7 66
456151.465472 6788325.422135 -2056.995117 8 66
456201.465472 6788325.422135 -2054.397949 9 66
456251.465472 6788325.422135 -2051.304932 10 66
456301.465472 6788325.422135 -2045.693970 11 66
456351.465472 6788325.422135 -2040.708374 12 66
456401.465472 6788325.422135 -2030.582031 13 66
456451.465472 6788325.422135 -2026.983154 14 66
456501.465472 6788325.422135 -2014.188477 15 66
456551.465472 6788325.422135 -2002.978271 16 66
456601.465472 6788325.422135 -1993.147949 17 66
456651.465472 6788325.422135 -1970.410034 18 66
456701.465472 6788325.422135 -1959.191284 19 66
456751.465472 6788325.422135 -1946.957275 20 66
456801.465472 6788325.422135 -1939.040039 21 66
456851.465472 6788325.422135 -1940.744873 22 66
456901.465472 6788325.422135 -1911.513062 23 66
456951.465472 6788325.422135 -1895.479004 24 66
457001.465472 6788325.422135 -1875.110840 25 66
457051.465472 6788325.422135 -1873.403809 26 66
457101.465472 6788325.422135 -1858.493286 27 66
455901.465472 6788375.422135 -2063.826416 3 67
455951.465472 6788375.422135 -2061.468994 4 67
456001.465472 6788375.422135 -2058.411865 5 67
456051.465472 6788375.422135 -2053.934570 6 67
456101.465472 6788375.422135 -2056.360352 7 67
456151.465472 6788375.422135 -2056.216309 8 67
456201.465472 6788375.422135 -2054.901123 9 67
456251.465472 6788375.422135 -2054.096191 10 67
456301.465472 6788375.422135 -2049.662842 11 67
456351.465472 6788375.422135 -2043.263672 12 67
456401.465472 6788375.422135 -2039.720825 13 67
456451.465472 6788375.422135 -2032.109375 14 67
456501.465472 6788375.422135 -2021.422852 15 67
456551.465472 6788375.422135 -2013.290527 16 67
456601.465472 6788375.422135 -1998.020264 17 67
456651.465472 6788375.422135 -1985.093994 18 67
456701.465472 6788375.422135 -1969.368286 19 67
456751.465472 6788375.422135 -1951.619385 20 67
456801.465472 6788375.422135 -1938.160767 21 67
456851.465472 6788375.422135 -1934.671875 22 67
456901.465472 6788375.422135 -1914.180298 23 67
456951.465472 6788375.422135 -1909.459595 24 67
457001.465472 6788375.422135 -1893.670654 25 67
457051.465472 6788375.422135 -1887.324951 26 67
457101.465472 6788375.422135 -1870.818359 27 67
455901.465472 6788425.422135 -2056.338135 3 68
455951.465472 6788425.422135 -2057.082764 4 68
456001.465472 6788425.422135 -2052.971436 5 68
456051.465472 6788425.422135 -2051.912109 6 68
456101.465472 6788425.422135 -2055.470215 7 68
456151.465472 6788425.422135 -2056.620605 8 68
456201.465472 6788425.422135 -2054.798096 9 68
456251.465472 6788425.422135 -2056.303467 10 68
456301.465472 6788425.422135 -2053.096436 11 68
456351.465472 6788425.422135 -2050.515137 12 68
456401.465472 6788425.422135 -2045.940430 13 68
456451.465472 6788425.422135 -2036.777222 14 68
456501.465472 6788425.422135 -2026.863647 15 68
456551.465472 6788425.422135 -2019.224976 16 68
456601.465472 6788425.422135 -2013.059814 17 68
456651.465472 6788425.422135 -1990.701416 18 68
456701.465472 6788425.422135 -1974.738037 19 68
456751.465472 6788425.422135 -1967.054443 20 68
456801.465472 6788425.422135 -1943.328979 21 68
456851.465472 6788425.422135 -1933.240845 22 68
456901.465472 6788425.422135 -1917.946289 23 68
456951.465472 6788425.422135 -1903.707397 24 68
457001.465472 6788425.422135 -1895.444458 25 68
457051.465472 6788425.422135 -1886.603516 26 68
457101.465472 6788425.422135 -1872.785889 27 68
455901.465472 6788475.422135 -2044.744019 3 69
455951.465472 6788475.422135 -2050.308594 4 69
456001.465472 6788475.422135 -2045.496582 5 69
456051.465472 6788475.422135 -2050.787598 6 69
456101.465472 6788475.422135 -2056.541504 7 69
456151.465472 6788475.422135 -2059.882813 8 69
456201.465472 6788475.422135 -2061.134277 9 69
456251.465472 6788475.422135 -2059.432373 10 69
456301.465472 6788475.422135 -2057.925049 11 69
456351.465472 6788475.422135 -2054.750488 12 69
456401.465472 6788475.422135 -2049.847412 13 69
456451.465472 6788475.422135 -2043.746582 14 69
456501.465472 6788475.422135 -2032.318970 15 69
456551.465472 6788475.422135 -2023.730591 16 69
456601.465472 6788475.422135 -2009.139648 17 69
456651.465472 6788475.422135 -1996.444702 18 69
456701.465472 6788475.422135 -1981.592896 19 69
456751.465472 6788475.422135 -1970.065063 20 69
456801.465472 6788475.422135 -1949.640625 21 69
456851.465472 6788475.422135 -1938.628418 22 69
456901.465472 6788475.422135 -1924.231934 23 69
456951.465472 6788475.422135 -1912.272461 24 69
457001.465472 6788475.422135 -1896.528564 25 69
457051.465472 6788475.422135 -1892.451782 26 69
457101.465472 6788475.422135 -1875.342163 27 69
455901.465472 6788525.422135 -2042.103394 3 70
455951.465472 6788525.422135 -2055.288330 4 70
456001.465472 6788525.422135 -2054.430176 5 70
456051.465472 6788525.422135 -2053.845459 6 70
456101.465472 6788525.422135 -2056.792969 7 70
456151.465472 6788525.422135 -2060.364990 8 70
456201.465472 6788525.422135 -2062.356445 9 70
456251.465472 6788525.422135 -2063.109863 10 70
456301.465472 6788525.422135 -2060.915039 11 70
456351.465472 6788525.422135 -2057.034668 12 70
456401.465472 6788525.422135 -2052.548828 13 70
456451.465472 6788525.422135 -2047.278687 14 70
456501.465472 6788525.422135 -2034.030762 15 70
456551.465472 6788525.422135 -2023.244385 16 70
456601.465472 6788525.422135 -2016.540039 17 70
456651.465472 6788525.422135 -2005.037842 18 70
456701.465472 6788525.422135 -1985.655029 19 70
456751.465472 6788525.422135 -1969.874146 20 70
456801.465472 6788525.422135 -1951.343262 21 70
456851.465472 6788525.422135 -1939.574341 22 70
456901.465472 6788525.422135 -1926.510742 23 70
456951.465472 6788525.422135 -1914.829712 24 70
457001.465472 6788525.422135 -1901.576050 25 70
457051.465472 6788525.422135 -1888.448120 26 70
457101.465472 6788525.422135 -1883.603760 27 70
455901.465472 6788575.422135 -2039.152954 3 71
455951.465472 6788575.422135 -2052.353760 4 71
456001.465472 6788575.422135 -2055.431152 5 71
456051.465472 6788575.422135 -2056.619385 6 71
456101.465472 6788575.422135 -2057.232178 7 71
456151.465472 6788575.422135 -2061.084229 8 71
456201.465472 6788575.422135 -2064.291748 9 71
456251.465472 6788575.422135 -2060.459717 10 71
456301.465472 6788575.422135 -2060.283447 11 71
456351.465472 6788575.422135 -2056.293701 12 71
456401.465472 6788575.422135 -2055.302979 13 71
456451.465472 6788575.422135 -2043.111084 14 71
456501.465472 6788575.422135 -2033.580688 15 71
456551.465472 6788575.422135 -2024.424561 16 71
456601.465472 6788575.422135 -2014.696655 17 71
456651.465472 6788575.422135 -2010.054199 18 71
456701.465472 6788575.422135 -1989.212280 19 71
456751.465472 6788575.422135 -1972.436646 20 71
456801.465472 6788575.422135 -1955.562500 21 71
456851.465472 6788575.422135 -1946.114746 22 71
456901.465472 6788575.422135 -1930.560425 23 71
456951.465472 6788575.422135 -1916.920654 24 71
457001.465472 6788575.422135 -1901.328979 25 71
457051.465472 6788575.422135 -1887.551636 26 71
457101.465472 6788575.422135 -1887.530029 27 71
455951.465472 6788625.422135 -2052.434082 4 72
456001.465472 6788625.422135 -2051.856445 5 72
456051.465472 6788625.422135 -2057.254639 6 72
456101.465472 6788625.422135 -2059.094971 7 72
456151.465472 6788625.422135 -2061.115967 8 72
456201.465472 6788625.422135 -2060.836914 9 72
456251.465472 6788625.422135 -2062.788330 10 72
456301.465472 6788625.422135 -2057.551270 11 72
456351.465472 6788625.422135 -2055.142334 12 72
456401.465472 6788625.422135 -2049.160400 13 72
456451.465472 6788625.422135 -2041.291992 14 72
456501.465472 6788625.422135 -2034.051514 15 72
456551.465472 6788625.422135 -2025.429810 16 72
456601.465472 6788625.422135 -2018.340942 17 72
456651.465472 6788625.422135 -2010.234009 18 72
456701.465472 6788625.422135 -1994.945923 19 72
456751.465472 6788625.422135 -1967.269287 20 72
456801.465472 6788625.422135 -1958.231689 21 72
456851.465472 6788625.422135 -1948.415527 22 72
456901.465472 6788625.422135 -1934.440674 23 72
456951.465472 6788625.422135 -1924.097290 24 72
457001.465472 6788625.422135 -1910.796265 25 72
457051.465472 6788625.422135 -1894.500488 26 72
455951.465472 6788675.422135 -2054.953613 4 73
456001.465472 6788675.422135 -2056.654541 5 73
456051.465472 6788675.422135 -2054.802490 6 73
456101.465472 6788675.422135 -2055.918213 7 73
456151.465472 6788675.422135 -2057.885254 8 73
456201.465472 6788675.422135 -2063.053711 9 73
456251.465472 6788675.422135 -2058.495361 10 73
456301.465472 6788675.422135 -2055.921631 11 73
456351.465472 6788675.422135 -2052.346191 12 73
456401.465472 6788675.422135 -2047.666016 13 73
456451.465472 6788675.422135 -2044.779419 14 73
456501.465472 6788675.422135 -2037.437012 15 73
456551.465472 6788675.422135 -2033.305664 16 73
456601.465472 6788675.422135 -2018.812012 17 73
456651.465472 6788675.422135 -2012.813232 18 73
456701.465472 6788675.422135 -1977.463867 19 73
456751.465472 6788675.422135 -1971.851196 20 73
456801.465472 6788675.422135 -1958.770752 21 73
456851.465472 6788675.422135 -1950.314697 22 73
456901.465472 6788675.422135 -1939.246216 23 73
456951.465472 6788675.422135 -1925.400146 24 73
457001.465472 6788675.422135 -1912.700562 25 73
455951.465472 6788725.422135 -2058.575439 4 74
456001.465472 6788725.422135 -2060.016113 5 74
456051.465472 6788725.422135 -2057.031006 6 74
456101.465472 6788725.422135 -2053.240234 7 74
456151.465472 6788725.422135 -2058.943604 8 74
456201.465472 6788725.422135 -2059.522949 9 74
456251.465472 6788725.422135 -2057.461914 10 74
456301.465472 6788725.422135 -2053.255615 11 74
456351.465472 6788725.422135 -2047.495972 12 74
456401.465472 6788725.422135 -2044.654663 13 74
456451.465472 6788725.422135 -2043.873047 14 74
456501.465472 6788725.422135 -2039.364136 15 74
456551.465472 6788725.422135 -2032.675781 16 74
456601.465472 6788725.422135 -2024.027100 17 74
456651.465472 6788725.422135 -2011.558228 18 74
456701.465472 6788725.422135 -1987.215088 19 74
456751.465472 6788725.422135 -1978.587646 20 74
456801.465472 6788725.422135 -1962.462036 21 74
456851.465472 6788725.422135 -1952.339966 22 74
456901.465472 6788725.422135 -1940.757690 23 74
456951.465472 6788725.422135 -1931.544800 24 74
455951.465472 6788775.422135 -2060.642334 4 75
456001.465472 6788775.422135 -2064.212646 5 75
456051.465472 6788775.422135 -2055.838867 6 75
456101.465472 6788775.422135 -2052.371338 7 75
456151.465472 6788775.422135 -2055.590820 8 75
456201.465472 6788775.422135 -2057.797607 9 75
456251.465472 6788775.422135 -2051.947021 10 75
456301.465472 6788775.422135 -2048.724854 11 75
456351.465472 6788775.422135 -2045.913818 12 75
456401.465472 6788775.422135 -2043.761230 13 75
456451.465472 6788775.422135 -2043.988281 14 75
456501.465472 6788775.422135 -2039.813232 15 75
456551.465472 6788775.422135 -2033.387329 16 75
456601.465472 6788775.422135 -2027.697632 17 75
456651.465472 6788775.422135 -2013.136108 18 75
456701.465472 6788775.422135 -2001.669678 19 75
456751.465472 6788775.422135 -1979.472534 20 75
456801.465472 6788775.422135 -1966.104492 21 75
456851.465472 6788775.422135 -1962.160278 22 75
456901.465472 6788775.422135 -1947.596069 23 75
455951.465472 6788825.422135 -2062.306396 4 76
456001.465472 6788825.422135 -2062.781494 5 76
456051.465472 6788825.422135 -2061.831543 6 76
456101.465472 6788825.422135 -2049.579590 7 76
456151.465472 6788825.422135 -2049.595215 8 76
456201.465472 6788825.422135 -2049.302002 9 76
456251.465472 6788825.422135 -2050.694580 10 76
456301.465472 6788825.422135 -2047.048096 11 76
456351.465472 6788825.422135 -2045.075928 12 76
456401.465472 6788825.422135 -2044.091431 13 76
456451.465472 6788825.422135 -2043.541260 14 76
456501.465472 6788825.422135 -2040.453491 15 76
456551.465472 6788825.422135 -2035.876221 16 76
456601.465472 6788825.422135 -2026.340942 17 76
456651.465472 6788825.422135 -2018.727173 18 76
456701.465472 6788825.422135 -2002.008301 19 76
456751.465472 6788825.422135 -1989.674316 20 76
456801.465472 6788825.422135 -1968.938843 21 76
456851.465472 6788825.422135 -1957.082886 22 76
456901.465472 6788825.422135 -1948.032715 23 76
456001.465472 6788875.422135 -2066.155029 5 77
456051.465472 6788875.422135 -2065.167725 6 77
456101.465472 6788875.422135 -2053.053223 7 77
456151.465472 6788875.422135 -2053.417480 8 77
456201.465472 6788875.422135 -2049.475830 9 77
456251.465472 6788875.422135 -2045.677490 10 77
456301.465472 6788875.422135 -2046.007568 11 77
456351.465472 6788875.422135 -2043.814941 12 77
456401.465472 6788875.422135 -2042.340210 13 77
456451.465472 6788875.422135 -2042.003662 14 77
456501.465472 6788875.422135 -2040.892212 15 77
456551.465472 6788875.422135 -2037.919678 16 77
456601.465472 6788875.422135 -2023.814575 17 77
456651.465472 6788875.422135 -2012.200317 18 77
456701.465472 6788875.422135 -2009.718872 19 77
456751.465472 6788875.422135 -1983.864746 20 77
456801.465472 6788875.422135 -1965.048462 21 77
456851.465472 6788875.422135 -1959.913574 22 77
456901.465472 6788875.422135 -1944.561768 23 77
456951.465472 6788875.422135 -1940.230835 24 77
456051.465472 6788925.422135 -2061.236572 6 78
456101.465472 6788925.422135 -2052.156250 7 78
456151.465472 6788925.422135 -2046.015747 8 78
456201.465472 6788925.422135 -2041.312622 9 78
456251.465472 6788925.422135 -2042.701782 10 78
456301.465472 6788925.422135 -2045.791748 11 78
456351.465472 6788925.422135 -2045.846436 12 78
456401.465472 6788925.422135 -2046.265625 13 78
456451.465472 6788925.422135 -2041.270020 14 78
456501.465472 6788925.422135 -2039.684204 15 78
456551.465472 6788925.422135 -2034.573853 16 78
456601.465472 6788925.422135 -2024.784302 17 78
456651.465472 6788925.422135 -2012.789551 18 78
456701.465472 6788925.422135 -2004.542725 19 78
456751.465472 6788925.422135 -1983.111206 20 78
456801.465472 6788925.422135 -1977.012939 21 78
456851.465472 6788925.422135 -1957.286865 22 78
456901.465472 6788925.422135 -1947.410034 23 78
456951.465472 6788925.422135 -1947.111450 24 78
456101.465472 6788975.422135 -2058.397949 7 79
456151.465472 6788975.422135 -2055.024658 8 79
456201.465472 6788975.422135 -2041.376343 9 79
456251.465472 6788975.422135 -2042.444580 10 79
456301.465472 6788975.422135 -2045.937988 11 79
456351.465472 6788975.422135 -2050.738770 12 79
456401.465472 6788975.422135 -2040.945435 13 79
456451.465472 6788975.422135 -2038.582764 14 79
456501.465472 6788975.422135 -2036.858643 15 79
456551.465472 6788975.422135 -2034.703735 16 79
456601.465472 6788975.422135 -2024.369995 17 79
456651.465472 6788975.422135 -2010.708862 18 79
456701.465472 6788975.422135 -1997.315186 19 79
456751.465472 6788975.422135 -1984.430176 20 79
456801.465472 6788975.422135 -1964.484863 21 79
456851.465472 6788975.422135 -1954.847656 22 79
456901.465472 6788975.422135 -1953.266113 23 79
456951.465472 6788975.422135 -1957.916138 24 79
457001.465472 6788975.422135 -1969.525757 25 79
456151.465472 6789025.422135 -2046.562866 8 80
456201.465472 6789025.422135 -2045.978516 9 80
456251.465472 6789025.422135 -2045.828125 10 80
456301.465472 6789025.422135 -2036.825562 11 80
456351.465472 6789025.422135 -2041.008545 12 80
456401.465472 6789025.422135 -2041.175415 13 80
456451.465472 6789025.422135 -2037.972900 14 80
456501.465472 6789025.422135 -2036.757446 15 80
456551.465472 6789025.422135 -2034.984985 16 80
456601.465472 6789025.422135 -2029.677002 17 80
456651.465472 6789025.422135 -2027.302979 18 80
456701.465472 6789025.422135 -2011.585815 19 80
456751.465472 6789025.422135 -1994.994873 20 80
456801.465472 6789025.422135 -1984.422852 21 80
456851.465472 6789025.422135 -1970.563232 22 80
456901.465472 6789025.422135 -1965.976318 23 80
456951.465472 6789025.422135 -1970.529785 24 80
457001.465472 6789025.422135 -1982.655029 25 80
456201.465472 6789075.422135 -2045.309082 9 81
456251.465472 6789075.422135 -2040.539063 10 81
456301.465472 6789075.422135 -2036.435669 11 81
456351.465472 6789075.422135 -2038.026733 12 81
456401.465472 6789075.422135 -2041.423950 13 81
456451.465472 6789075.422135 -2040.684082 14 81
456501.465472 6789075.422135 -2045.152954 15 81
456551.465472 6789075.422135 -2042.961304 16 81
456601.465472 6789075.422135 -2038.318970 17 81
456651.465472 6789075.422135 -2029.335938 18 81
456701.465472 6789075.422135 -2021.145996 19 81
456751.465472 6789075.422135 -1997.284912 20 81
456801.465472 6789075.422135 -1979.799072 21 81
456851.465472 6789075.422135 -1976.474121 22 81
456901.465472 6789075.422135 -1974.769409 23 81
456951.465472 6789075.422135 -1977.959473 24 81
457001.465472 6789075.422135 -1984.760864 25 81
457051.465472 6789075.422135 -1991.343506 26 81
456251.465472 6789125.422135 -2041.339966 10 82
456301.465472 6789125.422135 -2046.915649 11 82
456351.465472 6789125.422135 -2043.805420 12 82
456401.465472 6789125.422135 -2044.375244 13 82
456451.465472 6789125.422135 -2044.714478 14 82
456501.465472 6789125.422135 -2048.120850 15 82
456551.465472 6789125.422135 -2047.541748 16 82
456601.465472 6789125.422135 -2042.428467 17 82
456651.465472 6789125.422135 -2032.696045 18 82
456701.465472 6789125.422135 -2022.673950 19 82
456751.465472 6789125.422135 -2003.932739 20 82
456801.465472 6789125.422135 -1990.035400 21 82
456851.465472 6789125.422135 -1984.164795 22 82
456901.465472 6789125.422135 -1983.134155 23 82
456951.465472 6789125.422135 -1985.532471 24 82
457001.465472 6789125.422135 -1990.785522 25 82
457051.465472 6789125.422135 -1996.958008 26 82
456251.465472 6789175.422135 -2045.529053 10 83
456301.465472 6789175.422135 -2045.118774 11 83
456351.465472 6789175.422135 -2045.408447 12 83
456401.465472 6789175.422135 -2046.768799 13 83
456451.465472 6789175.422135 -2047.452148 14 83
456501.465472 6789175.422135 -2049.825684 15 83
456551.465472 6789175.422135 -2048.069580 16 83
456601.465472 6789175.422135 -2043.687500 17 83
456651.465472 6789175.422135 -2035.506592 18 83
456701.465472 6789175.422135 -2024.688721 19 83
456751.465472 6789175.422135 -2012.766235 20 83
456801.465472 6789175.422135 -2004.750000 21 83
456851.465472 6789175.422135 -1996.715576 22 83
456901.465472 6789175.422135 -1992.560791 23 83
456951.465472 6789175.422135 -1993.262817 24 83
457001.465472 6789175.422135 -1996.412109 25 83
457051.465472 6789175.422135 -2000.000488 26 83
456251.465472 6789225.422135 -2056.110352 10 84
456301.465472 6789225.422135 -2054.699463 11 84
456351.465472 6789225.422135 -2049.409180 12 84
456401.465472 6789225.422135 -2049.744141 13 84
456451.465472 6789225.422135 -2049.494873 14 84
456501.465472 6789225.422135 -2051.782959 15 84
456551.465472 6789225.422135 -2045.198364 16 84
456601.465472 6789225.422135 -2042.447754 17 84
456651.465472 6789225.422135 -2036.708008 18 84
456701.465472 6789225.422135 -2027.855713 19 84
456751.465472 6789225.422135 -2020.867310 20 84
456801.465472 6789225.422135 -2008.291382 21 84
456851.465472 6789225.422135 -2003.589233 22 84
456901.465472 6789225.422135 -1998.654419 23 84
456951.465472 6789225.422135 -1999.608276 24 84
457001.465472 6789225.422135 -2001.271729 25 84
457051.465472 6789225.422135 -2004.596436 26 84
457101.465472 6789225.422135 -2004.801636 27 84
456251.465472 6789275.422135 -2066.394287 10 85
456301.465472 6789275.422135 -2056.236572 11 85
456351.465472 6789275.422135 -2050.451660 12 85
456401.465472 6789275.422135 -2053.822510 13 85
456451.465472 6789275.422135 -2050.550781 14 85
456501.465472 6789275.422135 -2057.261230 15 85
456551.465472 6789275.422135 -2046.779053 16 85
456601.465472 6789275.422135 -2045.300049 17 85
456651.465472 6789275.422135 -2044.555908 18 85
456701.465472 6789275.422135 -2028.407715 19 85
456751.465472 6789275.422135 -2019.555420 20 85
456801.465472 6789275.422135 -2010.928223 21 85
456851.465472 6789275.422135 -2010.410400 22 85
456901.465472 6789275.422135 -2000.098755 23 85
456951.465472 6789275.422135 -2002.058228 24 85
457001.465472 6789275.422135 -2001.746582 25 85
457051.465472 6789275.422135 -2005.614624 26 85
457101.465472 6789275.422135 -2004.222290 27 85
456251.465472 6789325.422135 -2071.946045 10 86
456301.465472 6789325.422135 -2061.862793 11 86
456351.465472 6789325.422135 -2060.831787 12 86
456401.465472 6789325.422135 -2055.711426 13 86
456451.465472 6789325.422135 -2052.289307 14 86
456501.465472 6789325.422135 -2052.609619 15 86
456551.465472 6789325.422135 -2049.582520 16 86
456601.465472 6789325.422135 -2047.315918 17 86
456651.465472 6789325.422135 -2043.515991 18 86
456701.465472 6789325.422135 -2037.147827 19 86
456751.465472 6789325.422135 -2036.983643 20 86
456801.465472 6789325.422135 -2015.223755 21 86
456851.465472 6789325.422135 -2005.917725 22 86
456901.465472 6789325.422135 -1997.581177 23 86
456951.465472 6789325.422135 -1994.587402 24 86
457001.465472 6789325.422135 -1991.374023 25 86
457051.465472 6789325.422135 -1991.095947 26 86
457101.465472 6789325.422135 -1994.510010 27 86
456201.465472 6789375.422135 -2070.072021 9 87
456251.465472 6789375.422135 -2064.885742 10 87
456301.465472 6789375.422135 -2063.250244 11 87
456351.465472 6789375.422135 -2060.740234 12 87
456401.465472 6789375.422135 -2058.626709 13 87
456451.465472 6789375.422135 -2059.812012 14 87
456501.465472 6789375.422135 -2054.103271 15 87
456551.465472 6789375.422135 -2055.354980 16 87
456601.465472 6789375.422135 -2055.601807 17 87
456651.465472 6789375.422135 -2054.031250 18 87
456701.465472 6789375.422135 -2049.426270 19 87
456751.465472 6789375.422135 -2044.807495 20 87
456801.465472 6789375.422135 -2028.672852 21 87
456851.465472 6789375.422135 -2015.132690 22 87
456901.465472 6789375.422135 -2003.635864 23 87
456951.465472 6789375.422135 -1996.744995 24 87
457001.465472 6789375.422135 -1988.492676 25 87
457051.465472 6789375.422135 -1991.958496 26 87
457101.465472 6789375.422135 -1997.059448 27 87
456201.465472 6789425.422135 -2070.512451 9 88
456251.465472 6789425.422135 -2066.143311 10 88
456301.465472 6789425.422135 -2060.707764 11 88
456351.465472 6789425.422135 -2067.354980 12 88
456401.465472 6789425.422135 -2065.960693 13 88
456451.465472 6789425.422135 -2058.739258 14 88
456501.465472 6789425.422135 -2066.074707 15 88
456551.465472 6789425.422135 -2060.039307 16 88
456601.465472 6789425.422135 -2060.404053 17 88
456651.465472 6789425.422135 -2060.196045 18 88
456701.465472 6789425.422135 -2053.119629 19 88
456751.465472 6789425.422135 -2048.123779 20 88
456801.465472 6789425.422135 -2035.521240 21 88
456851.465472 6789425.422135 -2023.949951 22 88
456901.465472 6789425.422135 -2011.792969 23 88
456951.465472 6789425.422135 -2007.130249 24 88
457001.465472 6789425.422135 -2002.491089 25 88
457051.465472 6789425.422135 -2002.306641 26 88
457101.465472 6789425.422135 -2006.235474 27 88
456201.465472 6789475.422135 -2076.525635 9 89
456251.465472 6789475.422135 -2080.339111 10 89
456301.465472 6789475.422135 -2082.231201 11 89
456351.465472 6789475.422135 -2083.207764 12 89
456401.465472 6789475.422135 -2081.003418 13 89
456451.465472 6789475.422135 -2074.861816 14 89
456501.465472 6789475.422135 -2067.292480 15 89
456551.465472 6789475.422135 -2064.899414 16 89
456601.465472 6789475.422135 -2064.263916 17 89
456651.465472 6789475.422135 -2061.448730 18 89
456701.465472 6789475.422135 -2056.646240 19 89
456751.465472 6789475.422135 -2049.442627 20 89
456801.465472 6789475.422135 -2039.940552 21 89
456851.465472 6789475.422135 -2027.896362 22 89
456901.465472 6789475.422135 -2021.879517 23 89
456951.465472 6789475.422135 -2007.682739 24 89
457001.465472 6789475.422135 -2004.473999 25 89
457051.465472 6789475.422135 -2007.827637 26 89
457101.465472 6789475.422135 -2011.740967 27 89
456201.465472 6789525.422135 -2082.778076 9 90
456251.465472 6789525.422135 -2090.277100 10 90
456301.465472 6789525.422135 -2089.941162 11 90
456351.465472 6789525.422135 -2087.157959 12 90
456401.465472 6789525.422135 -2080.306885 13 90
456451.465472 6789525.422135 -2084.250000 14 90
456501.465472 6789525.422135 -2077.672119 15 90
456551.465472 6789525.422135 -2073.387207 16 90
456601.465472 6789525.422135 -2071.722656 17 90
456651.465472 6789525.422135 -2065.107422 18 90
456701.465472 6789525.422135 -2059.803711 19 90
456751.465472 6789525.422135 -2056.075684 20 90
456801.465472 6789525.422135 -2046.909302 21 90
456851.465472 6789525.422135 -2039.033569 22 90
456901.465472 6789525.422135 -2025.846924 23 90
456951.465472 6789525.422135 -2012.915894 24 90
457001.465472 6789525.422135 -2010.711304 25 90
457051.465472 6789525.422135 -2015.384521 26 90
456301.465472 6789575.422135 -2091.376221 11 91
456351.465472 6789575.422135 -2089.864502 12 91
456401.465472 6789575.422135 -2084.499023 13 91
456451.465472 6789575.422135 -2085.327148 14 91
456501.465472 6789575.422135 -2079.410156 15 91
456551.465472 6789575.422135 -2074.866943 16 91
456601.465472 6789575.422135 -2075.036133 17 91
456651.465472 6789575.422135 -2073.980469 18 91
456701.465472 6789575.422135 -2067.428467 19 91
456751.465472 6789575.422135 -2060.161133 20 91
456801.465472 6789575.422135 -2052.657471 21 91
456851.465472 6789575.422135 -2042.596313 22 91
456901.465472 6789575.422135 -2027.540283 23 91
456951.465472 6789575.422135 -2016.887329 24 91
457001.465472 6789575.422135 -2013.901978 25 91
457051.465472 6789575.422135 -2018.656738 26 91
456501.465472 6789625.422135 -2082.154541 15 92
456551.465472 6789625.422135 -2077.170166 16 92
456601.465472 6789625.422135 -2073.770020 17 92
456651.465472 6789625.422135 -2074.718262 18 92
456701.465472 6789625.422135 -2070.959717 19 92
456751.465472 6789625.422135 -2065.266602 20 92
