# Type: scattered data
# Version: 6
# Description: No description
# Format: free
# Field: 1 x
# Field: 2 y
# Field: 3 z milliseconds
# Field: 4 column
# Field: 5 row
# Projection: Local Rectangular
# Units: meters
# End:
# Information from grid:
# Grid_size: 27 x 61
# Grid_space: 457605.025043,458905.025043,6785927.664994,6788927.664994
# Scattered data: Not_available
# Z_field: z
# Vertical_faults: Not_available
# History: No history
# Z_units: milliseconds
457905.025043 6785927.664994 -1808.748047 7 1
457955.025043 6785927.664994 -1809.044678 8 1
458005.025043 6785927.664994 -1811.635620 9 1
458055.025043 6785927.664994 -1816.450317 10 1
458105.025043 6785927.664994 -1822.971924 11 1
458155.025043 6785927.664994 -1830.401611 12 1
458205.025043 6785927.664994 -1837.971558 13 1
457655.025043 6785977.664994 -1838.589966 2 2
457705.025043 6785977.664994 -1834.839600 3 2
457755.025043 6785977.664994 -1830.671265 4 2
457805.025043 6785977.664994 -1826.021484 5 2
457855.025043 6785977.664994 -1821.646240 6 2
457905.025043 6785977.664994 -1819.155273 7 2
457955.025043 6785977.664994 -1819.844116 8 2
458005.025043 6785977.664994 -1820.997192 9 2
458055.025043 6785977.664994 -1824.244995 10 2
458105.025043 6785977.664994 -1829.229614 11 2
458155.025043 6785977.664994 -1835.117920 12 2
458205.025043 6785977.664994 -1841.380859 13 2
458255.025043 6785977.664994 -1847.444214 14 2
458305.025043 6785977.664994 -1851.196655 15 2
458355.025043 6785977.664994 -1853.368896 16 2
458405.025043 6785977.664994 -1854.879761 17 2
458455.025043 6785977.664994 -1853.006348 18 2
458505.025043 6785977.664994 -1855.610596 19 2
457655.025043 6786027.664994 -1848.308105 2 3
457705.025043 6786027.664994 -1844.807495 3 3
457755.025043 6786027.664994 -1840.757080 4 3
457805.025043 6786027.664994 -1835.867065 5 3
457855.025043 6786027.664994 -1830.802246 6 3
457905.025043 6786027.664994 -1827.917725 7 3
457955.025043 6786027.664994 -1830.058105 8 3
458005.025043 6786027.664994 -1828.758789 9 3
458055.025043 6786027.664994 -1830.774780 10 3
458105.025043 6786027.664994 -1834.778076 11 3
458155.025043 6786027.664994 -1839.579102 12 3
458205.025043 6786027.664994 -1845.083618 13 3
458255.025043 6786027.664994 -1851.390991 14 3
458305.025043 6786027.664994 -1853.279541 15 3
458355.025043 6786027.664994 -1853.468506 16 3
458405.025043 6786027.664994 -1855.503174 17 3
458455.025043 6786027.664994 -1847.925415 18 3
458505.025043 6786027.664994 -1857.248535 19 3
458555.025043 6786027.664994 -1856.840454 20 3
458605.025043 6786027.664994 -1847.716553 21 3
457705.025043 6786077.664994 -1854.257690 3 4
457755.025043 6786077.664994 -1850.395996 4 4
457805.025043 6786077.664994 -1845.440674 5 4
457855.025043 6786077.664994 -1839.781250 6 4
457905.025043 6786077.664994 -1835.579102 7 4
457955.025043 6786077.664994 -1841.813477 8 4
458005.025043 6786077.664994 -1835.720093 9 4
458055.025043 6786077.664994 -1837.179688 10 4
458105.025043 6786077.664994 -1840.445923 11 4
458155.025043 6786077.664994 -1844.246704 12 4
458205.025043 6786077.664994 -1848.642944 13 4
458255.025043 6786077.664994 -1856.698120 14 4
458305.025043 6786077.664994 -1856.189087 15 4
458355.025043 6786077.664994 -1853.460205 16 4
458405.025043 6786077.664994 -1858.704346 17 4
458455.025043 6786077.664994 -1848.716187 18 4
458505.025043 6786077.664994 -1860.470581 19 4
458555.025043 6786077.664994 -1861.158569 20 4
458605.025043 6786077.664994 -1847.829590 21 4
457705.025043 6786127.664994 -1863.078491 3 5
457755.025043 6786127.664994 -1859.663574 4 5
457805.025043 6786127.664994 -1855.654541 5 5
457855.025043 6786127.664994 -1851.380737 6 5
457905.025043 6786127.664994 -1847.656494 7 5
457955.025043 6786127.664994 -1850.482544 8 5
458005.025043 6786127.664994 -1844.924927 9 5
458055.025043 6786127.664994 -1845.328613 10 5
458105.025043 6786127.664994 -1847.570313 11 5
458155.025043 6786127.664994 -1850.427490 12 5
458205.025043 6786127.664994 -1853.709839 13 5
458255.025043 6786127.664994 -1858.965332 14 5
458305.025043 6786127.664994 -1859.793213 15 5
458355.025043 6786127.664994 -1859.758911 16 5
458405.025043 6786127.664994 -1863.811646 17 5
458455.025043 6786127.664994 -1860.630249 18 5
458505.025043 6786127.664994 -1861.849243 19 5
458555.025043 6786127.664994 -1859.351563 20 5
458605.025043 6786127.664994 -1848.460449 21 5
458655.025043 6786127.664994 -1835.253540 22 5
457705.025043 6786177.664994 -1871.219482 3 6
457755.025043 6786177.664994 -1868.497314 4 6
457805.025043 6786177.664994 -1865.699707 5 6
457855.025043 6786177.664994 -1863.731323 6 6
457905.025043 6786177.664994 -1859.890747 7 6
457955.025043 6786177.664994 -1858.936646 8 6
458005.025043 6786177.664994 -1855.668701 9 6
458055.025043 6786177.664994 -1854.898560 10 6
458105.025043 6786177.664994 -1855.785889 11 6
458155.025043 6786177.664994 -1857.265869 12 6
458205.025043 6786177.664994 -1859.127563 13 6
458255.025043 6786177.664994 -1861.304565 14 6
458305.025043 6786177.664994 -1861.287842 15 6
458355.025043 6786177.664994 -1860.753418 16 6
458405.025043 6786177.664994 -1869.675171 17 6
458455.025043 6786177.664994 -1869.401489 18 6
458505.025043 6786177.664994 -1863.234985 19 6
458555.025043 6786177.664994 -1858.915894 20 6
458605.025043 6786177.664994 -1849.691895 21 6
458655.025043 6786177.664994 -1838.013306 22 6
457705.025043 6786227.664994 -1878.651367 3 7
457755.025043 6786227.664994 -1876.420410 4 7
457805.025043 6786227.664994 -1874.240845 5 7
457855.025043 6786227.664994 -1873.894287 6 7
457905.025043 6786227.664994 -1871.270630 7 7
457955.025043 6786227.664994 -1868.845825 8 7
458005.025043 6786227.664994 -1865.821899 9 7
458055.025043 6786227.664994 -1864.202393 10 7
458105.025043 6786227.664994 -1863.630493 11 7
458155.025043 6786227.664994 -1863.596680 12 7
458205.025043 6786227.664994 -1863.873291 13 7
458255.025043 6786227.664994 -1864.238770 14 7
458305.025043 6786227.664994 -1863.984741 15 7
458355.025043 6786227.664994 -1863.329834 16 7
458405.025043 6786227.664994 -1870.761108 17 7
458455.025043 6786227.664994 -1869.473511 18 7
458505.025043 6786227.664994 -1865.041748 19 7
458555.025043 6786227.664994 -1860.847046 20 7
458605.025043 6786227.664994 -1851.782471 21 7
458655.025043 6786227.664994 -1839.890869 22 7
458705.025043 6786227.664994 -1829.297241 23 7
457705.025043 6786277.664994 -1885.642334 3 8
457755.025043 6786277.664994 -1883.910034 4 8
457805.025043 6786277.664994 -1882.640503 5 8
457855.025043 6786277.664994 -1882.003418 6 8
457905.025043 6786277.664994 -1880.438477 7 8
457955.025043 6786277.664994 -1878.194580 8 8
458005.025043 6786277.664994 -1875.139648 9 8
458055.025043 6786277.664994 -1872.475586 10 8
458105.025043 6786277.664994 -1870.405396 11 8
458155.025043 6786277.664994 -1868.845459 12 8
458205.025043 6786277.664994 -1867.808594 13 8
458255.025043 6786277.664994 -1867.388306 14 8
458305.025043 6786277.664994 -1867.705811 15 8
458355.025043 6786277.664994 -1868.909058 16 8
458405.025043 6786277.664994 -1867.302979 17 8
458455.025043 6786277.664994 -1865.141846 18 8
458505.025043 6786277.664994 -1869.166870 19 8
458555.025043 6786277.664994 -1865.334717 20 8
458605.025043 6786277.664994 -1854.342163 21 8
458655.025043 6786277.664994 -1840.654785 22 8
458705.025043 6786277.664994 -1829.606201 23 8
457755.025043 6786327.664994 -1890.666504 4 9
457805.025043 6786327.664994 -1889.769897 5 9
457855.025043 6786327.664994 -1889.390381 6 9
457905.025043 6786327.664994 -1888.608154 7 9
457955.025043 6786327.664994 -1886.651489 8 9
458005.025043 6786327.664994 -1883.147217 9 9
458055.025043 6786327.664994 -1879.249390 10 9
458105.025043 6786327.664994 -1875.615723 11 9
458155.025043 6786327.664994 -1872.513428 12 9
458205.025043 6786327.664994 -1870.169312 13 9
458255.025043 6786327.664994 -1868.736450 14 9
458305.025043 6786327.664994 -1867.914307 15 9
458355.025043 6786327.664994 -1866.877686 16 9
458405.025043 6786327.664994 -1863.664429 17 9
458455.025043 6786327.664994 -1859.908447 18 9
458505.025043 6786327.664994 -1869.505981 19 9
458555.025043 6786327.664994 -1868.980591 20 9
458605.025043 6786327.664994 -1855.200439 21 9
458655.025043 6786327.664994 -1840.816040 22 9
458705.025043 6786327.664994 -1830.096924 23 9
457755.025043 6786377.664994 -1896.378052 4 10
457805.025043 6786377.664994 -1895.498535 5 10
457855.025043 6786377.664994 -1895.685181 6 10
457905.025043 6786377.664994 -1895.966309 7 10
457955.025043 6786377.664994 -1894.110596 8 10
458005.025043 6786377.664994 -1889.535645 9 10
458055.025043 6786377.664994 -1884.198242 10 10
458105.025043 6786377.664994 -1878.971069 11 10
458155.025043 6786377.664994 -1874.343506 12 10
458205.025043 6786377.664994 -1870.770386 13 10
458255.025043 6786377.664994 -1868.618286 14 10
458305.025043 6786377.664994 -1867.122314 15 10
458355.025043 6786377.664994 -1864.525269 16 10
458405.025043 6786377.664994 -1860.809204 17 10
458455.025043 6786377.664994 -1858.533081 18 10
458505.025043 6786377.664994 -1865.512817 19 10
458555.025043 6786377.664994 -1866.212158 20 10
458605.025043 6786377.664994 -1857.145508 21 10
458655.025043 6786377.664994 -1844.746704 22 10
458705.025043 6786377.664994 -1835.923706 23 10
458755.025043 6786377.664994 -1822.097168 24 10
457755.025043 6786427.664994 -1900.655396 4 11
457805.025043 6786427.664994 -1899.143921 5 11
457855.025043 6786427.664994 -1899.038208 6 11
457905.025043 6786427.664994 -1900.654053 7 11
457955.025043 6786427.664994 -1899.317017 8 11
458005.025043 6786427.664994 -1893.538574 9 11
458055.025043 6786427.664994 -1887.085327 10 11
458105.025043 6786427.664994 -1880.495972 11 11
458155.025043 6786427.664994 -1874.374512 12 11
458205.025043 6786427.664994 -1869.583740 13 11
458255.025043 6786427.664994 -1867.002075 14 11
458305.025043 6786427.664994 -1865.937256 15 11
458355.025043 6786427.664994 -1862.784058 16 11
458405.025043 6786427.664994 -1858.652832 17 11
458455.025043 6786427.664994 -1855.384277 18 11
458505.025043 6786427.664994 -1864.026245 19 11
458555.025043 6786427.664994 -1865.217651 20 11
458605.025043 6786427.664994 -1858.496704 21 11
458655.025043 6786427.664994 -1846.069458 22 11
458705.025043 6786427.664994 -1841.735596 23 11
458755.025043 6786427.664994 -1823.396973 24 11
457755.025043 6786477.664994 -1903.485352 4 12
457805.025043 6786477.664994 -1900.331177 5 12
457855.025043 6786477.664994 -1897.948120 6 12
457905.025043 6786477.664994 -1897.734375 7 12
457955.025043 6786477.664994 -1898.058960 8 12
458005.025043 6786477.664994 -1893.626099 9 12
458055.025043 6786477.664994 -1888.146484 10 12
458105.025043 6786477.664994 -1880.755615 11 12
458155.025043 6786477.664994 -1872.919556 12 12
458205.025043 6786477.664994 -1866.564087 13 12
458255.025043 6786477.664994 -1863.718262 14 12
458305.025043 6786477.664994 -1863.171387 15 12
458355.025043 6786477.664994 -1859.857666 16 12
458405.025043 6786477.664994 -1857.304810 17 12
458455.025043 6786477.664994 -1856.491089 18 12
458505.025043 6786477.664994 -1868.216675 19 12
458555.025043 6786477.664994 -1867.491455 20 12
458605.025043 6786477.664994 -1856.206421 21 12
458655.025043 6786477.664994 -1846.392334 22 12
458705.025043 6786477.664994 -1835.746826 23 12
458755.025043 6786477.664994 -1817.009155 24 12
457705.025043 6786527.664994 -1910.144287 3 13
457755.025043 6786527.664994 -1905.974121 4 13
457805.025043 6786527.664994 -1901.726929 5 13
457855.025043 6786527.664994 -1896.645630 6 13
457905.025043 6786527.664994 -1898.668945 7 13
457955.025043 6786527.664994 -1896.978516 8 13
458005.025043 6786527.664994 -1893.120483 9 13
458055.025043 6786527.664994 -1889.241577 10 13
458105.025043 6786527.664994 -1881.024292 11 13
458155.025043 6786527.664994 -1871.688721 12 13
458205.025043 6786527.664994 -1863.219360 13 13
458255.025043 6786527.664994 -1859.848755 14 13
458305.025043 6786527.664994 -1859.741943 15 13
458355.025043 6786527.664994 -1858.641968 16 13
458405.025043 6786527.664994 -1858.796997 17 13
458455.025043 6786527.664994 -1861.153076 18 13
458505.025043 6786527.664994 -1870.339966 19 13
458555.025043 6786527.664994 -1867.981812 20 13
458605.025043 6786527.664994 -1854.604980 21 13
458655.025043 6786527.664994 -1846.629395 22 13
458705.025043 6786527.664994 -1829.439697 23 13
458755.025043 6786527.664994 -1812.796509 24 13
457705.025043 6786577.664994 -1913.978149 3 14
457755.025043 6786577.664994 -1910.178223 4 14
457805.025043 6786577.664994 -1907.283813 5 14
457855.025043 6786577.664994 -1907.329956 6 14
457905.025043 6786577.664994 -1899.928955 7 14
457955.025043 6786577.664994 -1896.892578 8 14
458005.025043 6786577.664994 -1893.196289 9 14
458055.025043 6786577.664994 -1890.951416 10 14
458105.025043 6786577.664994 -1881.793335 11 14
458155.025043 6786577.664994 -1872.139526 12 14
458205.025043 6786577.664994 -1864.699463 13 14
458255.025043 6786577.664994 -1861.302246 14 14
458305.025043 6786577.664994 -1859.467896 15 14
458355.025043 6786577.664994 -1858.926147 16 14
458405.025043 6786577.664994 -1860.251343 17 14
458455.025043 6786577.664994 -1862.952515 18 14
458505.025043 6786577.664994 -1861.644775 19 14
458555.025043 6786577.664994 -1862.907959 20 14
458605.025043 6786577.664994 -1856.230591 21 14
458655.025043 6786577.664994 -1844.506470 22 14
458705.025043 6786577.664994 -1833.574341 23 14
458755.025043 6786577.664994 -1817.781250 24 14
457705.025043 6786627.664994 -1917.152954 3 15
457755.025043 6786627.664994 -1912.635254 4 15
457805.025043 6786627.664994 -1907.774414 5 15
457855.025043 6786627.664994 -1902.658081 6 15
457905.025043 6786627.664994 -1903.179810 7 15
457955.025043 6786627.664994 -1897.562622 8 15
458005.025043 6786627.664994 -1891.987183 9 15
458055.025043 6786627.664994 -1887.243530 10 15
458105.025043 6786627.664994 -1880.214233 11 15
458155.025043 6786627.664994 -1871.719849 12 15
458205.025043 6786627.664994 -1864.755859 13 15
458255.025043 6786627.664994 -1861.069092 14 15
458305.025043 6786627.664994 -1859.188599 15 15
458355.025043 6786627.664994 -1858.566040 16 15
458405.025043 6786627.664994 -1858.859741 17 15
458455.025043 6786627.664994 -1857.691284 18 15
458505.025043 6786627.664994 -1848.589233 19 15
458555.025043 6786627.664994 -1857.993530 20 15
458605.025043 6786627.664994 -1845.884766 21 15
458655.025043 6786627.664994 -1848.545288 22 15
458705.025043 6786627.664994 -1842.596069 23 15
458755.025043 6786627.664994 -1821.418335 24 15
457705.025043 6786677.664994 -1920.082031 3 16
457755.025043 6786677.664994 -1915.437988 4 16
457805.025043 6786677.664994 -1910.833496 5 16
457855.025043 6786677.664994 -1906.596924 6 16
457905.025043 6786677.664994 -1904.059326 7 16
457955.025043 6786677.664994 -1895.124878 8 16
458005.025043 6786677.664994 -1888.161621 9 16
458055.025043 6786677.664994 -1886.846558 10 16
458105.025043 6786677.664994 -1879.586792 11 16
458155.025043 6786677.664994 -1871.425659 12 16
458205.025043 6786677.664994 -1864.817871 13 16
458255.025043 6786677.664994 -1860.815186 14 16
458305.025043 6786677.664994 -1858.863647 15 16
458355.025043 6786677.664994 -1858.354858 16 16
458405.025043 6786677.664994 -1858.629883 17 16
458455.025043 6786677.664994 -1858.418335 18 16
458505.025043 6786677.664994 -1855.373047 19 16
458555.025043 6786677.664994 -1858.546875 20 16
458605.025043 6786677.664994 -1857.380615 21 16
458655.025043 6786677.664994 -1846.896118 22 16
458705.025043 6786677.664994 -1828.123169 23 16
458755.025043 6786677.664994 -1817.994873 24 16
457805.025043 6786727.664994 -1913.246704 5 17
457855.025043 6786727.664994 -1908.676758 6 17
457905.025043 6786727.664994 -1903.448486 7 17
457955.025043 6786727.664994 -1895.575317 8 17
458005.025043 6786727.664994 -1888.814941 9 17
458055.025043 6786727.664994 -1884.590576 10 17
458105.025043 6786727.664994 -1878.002319 11 17
458155.025043 6786727.664994 -1870.482788 12 17
458205.025043 6786727.664994 -1864.142578 13 17
458255.025043 6786727.664994 -1860.016846 14 17
458305.025043 6786727.664994 -1858.149780 15 17
458355.025043 6786727.664994 -1857.844360 16 17
458405.025043 6786727.664994 -1857.745483 17 17
458455.025043 6786727.664994 -1856.699951 18 17
458505.025043 6786727.664994 -1855.338379 19 17
458555.025043 6786727.664994 -1859.959961 20 17
458605.025043 6786727.664994 -1858.463745 21 17
458655.025043 6786727.664994 -1847.021362 22 17
458705.025043 6786727.664994 -1832.331909 23 17
458755.025043 6786727.664994 -1820.963989 24 17
457805.025043 6786777.664994 -1914.791016 5 18
457855.025043 6786777.664994 -1909.737915 6 18
457905.025043 6786777.664994 -1903.293457 7 18
457955.025043 6786777.664994 -1895.709106 8 18
458005.025043 6786777.664994 -1889.181274 9 18
458055.025043 6786777.664994 -1883.735352 10 18
458105.025043 6786777.664994 -1876.895508 11 18
458155.025043 6786777.664994 -1869.456909 12 18
458205.025043 6786777.664994 -1862.915161 13 18
458255.025043 6786777.664994 -1858.582886 14 18
458305.025043 6786777.664994 -1857.084106 15 18
458355.025043 6786777.664994 -1857.090576 16 18
458405.025043 6786777.664994 -1856.897705 17 18
458455.025043 6786777.664994 -1854.837891 18 18
458505.025043 6786777.664994 -1852.005005 19 18
458555.025043 6786777.664994 -1861.888306 20 18
458605.025043 6786777.664994 -1860.231079 21 18
458655.025043 6786777.664994 -1848.933716 22 18
458705.025043 6786777.664994 -1839.220703 23 18
458755.025043 6786777.664994 -1826.053101 24 18
457755.025043 6786827.664994 -1920.713379 4 19
457805.025043 6786827.664994 -1916.083496 5 19
457855.025043 6786827.664994 -1910.927490 6 19
457905.025043 6786827.664994 -1903.283936 7 19
457955.025043 6786827.664994 -1895.410645 8 19
458005.025043 6786827.664994 -1889.190186 9 19
458055.025043 6786827.664994 -1883.985840 10 19
458105.025043 6786827.664994 -1876.865723 11 19
458155.025043 6786827.664994 -1868.716797 12 19
458205.025043 6786827.664994 -1861.231445 13 19
458255.025043 6786827.664994 -1856.511597 14 19
458305.025043 6786827.664994 -1855.932617 15 19
458355.025043 6786827.664994 -1856.371094 16 19
458405.025043 6786827.664994 -1855.281616 17 19
458455.025043 6786827.664994 -1854.509521 18 19
458505.025043 6786827.664994 -1854.943726 19 19
458555.025043 6786827.664994 -1862.146118 20 19
458605.025043 6786827.664994 -1861.213745 21 19
458655.025043 6786827.664994 -1853.119141 22 19
458705.025043 6786827.664994 -1843.505249 23 19
458755.025043 6786827.664994 -1830.988647 24 19
457755.025043 6786877.664994 -1921.578491 4 20
457805.025043 6786877.664994 -1917.769531 5 20
457855.025043 6786877.664994 -1913.235474 6 20
457905.025043 6786877.664994 -1903.408447 7 20
457955.025043 6786877.664994 -1894.633789 8 20
458005.025043 6786877.664994 -1889.259644 9 20
458055.025043 6786877.664994 -1886.023804 10 20
458105.025043 6786877.664994 -1878.260986 11 20
458155.025043 6786877.664994 -1868.759521 12 20
458205.025043 6786877.664994 -1859.673096 13 20
458255.025043 6786877.664994 -1853.819824 14 20
458305.025043 6786877.664994 -1855.096191 15 20
458355.025043 6786877.664994 -1856.813843 16 20
458405.025043 6786877.664994 -1853.369263 17 20
458455.025043 6786877.664994 -1854.100342 18 20
458505.025043 6786877.664994 -1859.360107 19 20
458555.025043 6786877.664994 -1865.525879 20 20
458605.025043 6786877.664994 -1861.436279 21 20
458655.025043 6786877.664994 -1856.721802 22 20
458705.025043 6786877.664994 -1845.917114 23 20
458755.025043 6786877.664994 -1834.005127 24 20
457755.025043 6786927.664994 -1922.437134 4 21
457805.025043 6786927.664994 -1919.769287 5 21
457855.025043 6786927.664994 -1917.017334 6 21
457905.025043 6786927.664994 -1903.613770 7 21
457955.025043 6786927.664994 -1894.042725 8 21
458005.025043 6786927.664994 -1889.747925 9 21
458055.025043 6786927.664994 -1889.740112 10 21
458105.025043 6786927.664994 -1880.836914 11 21
458155.025043 6786927.664994 -1870.190063 12 21
458205.025043 6786927.664994 -1859.588135 13 21
458255.025043 6786927.664994 -1852.819702 14 21
458305.025043 6786927.664994 -1854.409058 15 21
458355.025043 6786927.664994 -1858.829712 16 21
458405.025043 6786927.664994 -1852.749756 17 21
458455.025043 6786927.664994 -1853.245972 18 21
458505.025043 6786927.664994 -1862.513428 19 21
458555.025043 6786927.664994 -1869.852417 20 21
458605.025043 6786927.664994 -1862.481567 21 21
458655.025043 6786927.664994 -1858.664795 22 21
458705.025043 6786927.664994 -1846.825317 23 21
458755.025043 6786927.664994 -1834.784302 24 21
457705.025043 6786977.664994 -1936.918701 3 22
457755.025043 6786977.664994 -1927.312866 4 22
457805.025043 6786977.664994 -1921.743164 5 22
457855.025043 6786977.664994 -1915.866333 6 22
457905.025043 6786977.664994 -1905.048706 7 22
457955.025043 6786977.664994 -1897.032104 8 22
458005.025043 6786977.664994 -1892.215942 9 22
458055.025043 6786977.664994 -1889.632935 10 22
458105.025043 6786977.664994 -1882.769653 11 22
458155.025043 6786977.664994 -1872.694580 12 22
458205.025043 6786977.664994 -1861.626099 13 22
458255.025043 6786977.664994 -1855.090210 14 22
458305.025043 6786977.664994 -1854.205322 15 22
458355.025043 6786977.664994 -1857.638794 16 22
458405.025043 6786977.664994 -1853.728638 17 22
458455.025043 6786977.664994 -1853.911865 18 22
458505.025043 6786977.664994 -1864.106079 19 22
458555.025043 6786977.664994 -1869.390381 20 22
458605.025043 6786977.664994 -1862.973022 21 22
458655.025043 6786977.664994 -1856.526367 22 22
458705.025043 6786977.664994 -1845.167603 23 22
458755.025043 6786977.664994 -1834.463135 24 22
457705.025043 6787027.664994 -1940.541748 3 23
457755.025043 6787027.664994 -1931.526611 4 23
457805.025043 6787027.664994 -1925.177612 5 23
457855.025043 6787027.664994 -1916.363037 6 23
457905.025043 6787027.664994 -1904.690918 7 23
457955.025043 6787027.664994 -1898.972290 8 23
458005.025043 6787027.664994 -1894.207397 9 23
458055.025043 6787027.664994 -1890.144775 10 23
458105.025043 6787027.664994 -1885.015625 11 23
458155.025043 6787027.664994 -1876.825806 12 23
458205.025043 6787027.664994 -1865.779175 13 23
458255.025043 6787027.664994 -1854.389771 14 23
458305.025043 6787027.664994 -1852.635864 15 23
458355.025043 6787027.664994 -1858.788574 16 23
458405.025043 6787027.664994 -1853.818726 17 23
458455.025043 6787027.664994 -1851.037842 18 23
458505.025043 6787027.664994 -1865.429443 19 23
458555.025043 6787027.664994 -1869.808594 20 23
458605.025043 6787027.664994 -1861.177856 21 23
458655.025043 6787027.664994 -1854.998169 22 23
458705.025043 6787027.664994 -1843.145630 23 23
458755.025043 6787027.664994 -1834.086060 24 23
457705.025043 6787077.664994 -1946.935913 3 24
457755.025043 6787077.664994 -1936.143677 4 24
457805.025043 6787077.664994 -1929.024536 5 24
457855.025043 6787077.664994 -1920.010498 6 24
457905.025043 6787077.664994 -1906.699341 7 24
457955.025043 6787077.664994 -1900.900513 8 24
458005.025043 6787077.664994 -1896.822754 9 24
458055.025043 6787077.664994 -1892.120483 10 24
458105.025043 6787077.664994 -1888.192627 11 24
458155.025043 6787077.664994 -1881.058716 12 24
458205.025043 6787077.664994 -1870.457275 13 24
458255.025043 6787077.664994 -1859.096313 14 24
458305.025043 6787077.664994 -1854.905640 15 24
458355.025043 6787077.664994 -1856.710327 16 24
458405.025043 6787077.664994 -1853.982544 17 24
458455.025043 6787077.664994 -1852.673340 18 24
458505.025043 6787077.664994 -1861.536255 19 24
458555.025043 6787077.664994 -1865.914551 20 24
458605.025043 6787077.664994 -1861.287354 21 24
458655.025043 6787077.664994 -1855.223267 22 24
458705.025043 6787077.664994 -1845.223145 23 24
458755.025043 6787077.664994 -1836.242798 24 24
457705.025043 6787127.664994 -1954.921875 3 25
457755.025043 6787127.664994 -1942.576294 4 25
457805.025043 6787127.664994 -1933.243652 5 25
457855.025043 6787127.664994 -1923.837402 6 25
457905.025043 6787127.664994 -1914.467041 7 25
457955.025043 6787127.664994 -1908.303101 8 25
458005.025043 6787127.664994 -1900.681885 9 25
458055.025043 6787127.664994 -1895.181763 10 25
458105.025043 6787127.664994 -1889.825806 11 25
458155.025043 6787127.664994 -1881.813354 12 25
458205.025043 6787127.664994 -1871.888062 13 25
458255.025043 6787127.664994 -1863.273193 14 25
458305.025043 6787127.664994 -1857.330811 15 25
458355.025043 6787127.664994 -1854.719604 16 25
458405.025043 6787127.664994 -1852.544189 17 25
458455.025043 6787127.664994 -1852.980591 18 25
458505.025043 6787127.664994 -1857.699951 19 25
458555.025043 6787127.664994 -1861.328979 20 25
458605.025043 6787127.664994 -1861.632813 21 25
458655.025043 6787127.664994 -1855.359375 22 25
458705.025043 6787127.664994 -1847.809448 23 25
458755.025043 6787127.664994 -1838.073975 24 25
457705.025043 6787177.664994 -1961.781982 3 26
457755.025043 6787177.664994 -1946.373779 4 26
457805.025043 6787177.664994 -1936.194824 5 26
457855.025043 6787177.664994 -1926.277588 6 26
457905.025043 6787177.664994 -1918.814697 7 26
457955.025043 6787177.664994 -1910.307129 8 26
458005.025043 6787177.664994 -1901.834106 9 26
458055.025043 6787177.664994 -1897.290527 10 26
458105.025043 6787177.664994 -1891.565918 11 26
458155.025043 6787177.664994 -1883.000732 12 26
458205.025043 6787177.664994 -1874.555298 13 26
458255.025043 6787177.664994 -1866.218018 14 26
458305.025043 6787177.664994 -1858.822998 15 26
458355.025043 6787177.664994 -1853.334961 16 26
458405.025043 6787177.664994 -1850.421387 17 26
458455.025043 6787177.664994 -1850.989868 18 26
458505.025043 6787177.664994 -1854.360962 19 26
458555.025043 6787177.664994 -1858.379639 20 26
458605.025043 6787177.664994 -1861.277832 21 26
458655.025043 6787177.664994 -1855.885742 22 26
458705.025043 6787177.664994 -1849.644043 23 26
458755.025043 6787177.664994 -1839.561035 24 26
457655.025043 6787227.664994 -1968.951660 2 27
457705.025043 6787227.664994 -1960.237793 3 27
457755.025043 6787227.664994 -1946.640503 4 27
457805.025043 6787227.664994 -1935.631592 5 27
457855.025043 6787227.664994 -1926.256836 6 27
457905.025043 6787227.664994 -1919.000122 7 27
457955.025043 6787227.664994 -1910.909546 8 27
458005.025043 6787227.664994 -1903.717041 9 27
458055.025043 6787227.664994 -1898.765137 10 27
458105.025043 6787227.664994 -1892.786255 11 27
458155.025043 6787227.664994 -1884.964966 12 27
458205.025043 6787227.664994 -1877.437500 13 27
458255.025043 6787227.664994 -1869.712402 14 27
458305.025043 6787227.664994 -1860.626343 15 27
458355.025043 6787227.664994 -1852.466675 16 27
458405.025043 6787227.664994 -1849.290527 17 27
458455.025043 6787227.664994 -1852.777100 18 27
458505.025043 6787227.664994 -1853.861450 19 27
458555.025043 6787227.664994 -1856.232544 20 27
458605.025043 6787227.664994 -1857.615234 21 27
458655.025043 6787227.664994 -1857.517456 22 27
458705.025043 6787227.664994 -1851.498779 23 27
458755.025043 6787227.664994 -1845.082397 24 27
457655.025043 6787277.664994 -1967.409790 2 28
457705.025043 6787277.664994 -1956.506836 3 28
457755.025043 6787277.664994 -1944.426758 4 28
457805.025043 6787277.664994 -1933.541016 5 28
457855.025043 6787277.664994 -1925.215454 6 28
457905.025043 6787277.664994 -1918.916748 7 28
457955.025043 6787277.664994 -1911.567261 8 28
458005.025043 6787277.664994 -1905.500977 9 28
458055.025043 6787277.664994 -1900.812622 10 28
458105.025043 6787277.664994 -1894.512329 11 28
458155.025043 6787277.664994 -1887.902222 12 28
458205.025043 6787277.664994 -1880.643066 13 28
458255.025043 6787277.664994 -1874.521729 14 28
458305.025043 6787277.664994 -1864.081543 15 28
458355.025043 6787277.664994 -1852.705200 16 28
458405.025043 6787277.664994 -1848.453003 17 28
458455.025043 6787277.664994 -1856.663086 18 28
458505.025043 6787277.664994 -1853.923950 19 28
458555.025043 6787277.664994 -1854.834351 20 28
458605.025043 6787277.664994 -1853.692017 21 28
458655.025043 6787277.664994 -1859.587402 22 28
458705.025043 6787277.664994 -1851.719360 23 28
458755.025043 6787277.664994 -1849.204102 24 28
457655.025043 6787327.664994 -1964.508545 2 29
457705.025043 6787327.664994 -1953.283203 3 29
457755.025043 6787327.664994 -1942.523193 4 29
457805.025043 6787327.664994 -1932.094482 5 29
457855.025043 6787327.664994 -1925.537720 6 29
457905.025043 6787327.664994 -1920.788574 7 29
457955.025043 6787327.664994 -1914.757202 8 29
458005.025043 6787327.664994 -1908.975586 9 29
458055.025043 6787327.664994 -1904.354858 10 29
458105.025043 6787327.664994 -1897.271973 11 29
458155.025043 6787327.664994 -1891.614990 12 29
458205.025043 6787327.664994 -1885.530518 13 29
458255.025043 6787327.664994 -1879.013672 14 29
458305.025043 6787327.664994 -1870.033081 15 29
458355.025043 6787327.664994 -1858.574707 16 29
458405.025043 6787327.664994 -1853.006592 17 29
458455.025043 6787327.664994 -1855.705811 18 29
458505.025043 6787327.664994 -1854.388672 19 29
458555.025043 6787327.664994 -1854.686279 20 29
458605.025043 6787327.664994 -1854.041260 21 29
458655.025043 6787327.664994 -1855.847900 22 29
458705.025043 6787327.664994 -1849.910522 23 29
458755.025043 6787327.664994 -1846.118164 24 29
457655.025043 6787377.664994 -1961.378784 2 30
457705.025043 6787377.664994 -1951.463379 3 30
457755.025043 6787377.664994 -1944.173950 4 30
457805.025043 6787377.664994 -1937.046021 5 30
457855.025043 6787377.664994 -1931.702393 6 30
457905.025043 6787377.664994 -1926.754395 7 30
457955.025043 6787377.664994 -1920.871704 8 30
458005.025043 6787377.664994 -1915.939575 9 30
458055.025043 6787377.664994 -1907.360107 10 30
458105.025043 6787377.664994 -1901.195801 11 30
458155.025043 6787377.664994 -1897.979004 12 30
458205.025043 6787377.664994 -1894.926636 13 30
458255.025043 6787377.664994 -1885.304199 14 30
458305.025043 6787377.664994 -1878.340698 15 30
458355.025043 6787377.664994 -1864.964111 16 30
458405.025043 6787377.664994 -1858.109863 17 30
458455.025043 6787377.664994 -1856.434937 18 30
458505.025043 6787377.664994 -1856.089844 19 30
458555.025043 6787377.664994 -1857.339844 20 30
458605.025043 6787377.664994 -1856.867065 21 30
458655.025043 6787377.664994 -1852.026978 22 30
458705.025043 6787377.664994 -1844.073608 23 30
458755.025043 6787377.664994 -1836.150391 24 30
457655.025043 6787427.664994 -1957.942505 2 31
457705.025043 6787427.664994 -1950.483887 3 31
457755.025043 6787427.664994 -1947.105957 4 31
457805.025043 6787427.664994 -1942.776367 5 31
457855.025043 6787427.664994 -1938.972412 6 31
457905.025043 6787427.664994 -1934.313843 7 31
457955.025043 6787427.664994 -1928.537598 8 31
458005.025043 6787427.664994 -1924.548828 9 31
458055.025043 6787427.664994 -1916.896973 10 31
458105.025043 6787427.664994 -1908.229980 11 31
458155.025043 6787427.664994 -1901.365967 12 31
458205.025043 6787427.664994 -1896.867798 13 31
458255.025043 6787427.664994 -1888.396362 14 31
458305.025043 6787427.664994 -1881.244751 15 31
458355.025043 6787427.664994 -1869.079712 16 31
458405.025043 6787427.664994 -1860.364258 17 31
458455.025043 6787427.664994 -1857.581787 18 31
458505.025043 6787427.664994 -1858.001953 19 31
458555.025043 6787427.664994 -1860.454468 20 31
458605.025043 6787427.664994 -1859.090942 21 31
458655.025043 6787427.664994 -1851.685425 22 31
458705.025043 6787427.664994 -1841.464233 23 31
458755.025043 6787427.664994 -1832.127930 24 31
457655.025043 6787477.664994 -1956.251343 2 32
457705.025043 6787477.664994 -1952.630371 3 32
457755.025043 6787477.664994 -1946.715088 4 32
457805.025043 6787477.664994 -1944.841919 5 32
457855.025043 6787477.664994 -1942.303833 6 32
457905.025043 6787477.664994 -1938.745972 7 32
457955.025043 6787477.664994 -1931.394409 8 32
458005.025043 6787477.664994 -1928.575073 9 32
458055.025043 6787477.664994 -1921.202148 10 32
458105.025043 6787477.664994 -1913.874878 11 32
458155.025043 6787477.664994 -1905.218628 12 32
458205.025043 6787477.664994 -1899.633301 13 32
458255.025043 6787477.664994 -1892.231201 14 32
458305.025043 6787477.664994 -1885.690186 15 32
458355.025043 6787477.664994 -1874.437134 16 32
458405.025043 6787477.664994 -1864.093628 17 32
458455.025043 6787477.664994 -1859.460449 18 32
458505.025043 6787477.664994 -1859.315063 19 32
458555.025043 6787477.664994 -1863.818848 20 32
458605.025043 6787477.664994 -1860.616455 21 32
458655.025043 6787477.664994 -1854.243042 22 32
458705.025043 6787477.664994 -1848.832397 23 32
458755.025043 6787477.664994 -1840.913086 24 32
457655.025043 6787527.664994 -1955.768555 2 33
457705.025043 6787527.664994 -1946.919067 3 33
457755.025043 6787527.664994 -1947.357910 4 33
457805.025043 6787527.664994 -1945.831543 5 33
457855.025043 6787527.664994 -1945.308838 6 33
457905.025043 6787527.664994 -1941.421509 7 33
457955.025043 6787527.664994 -1934.538574 8 33
458005.025043 6787527.664994 -1928.960938 9 33
458055.025043 6787527.664994 -1923.322021 10 33
458105.025043 6787527.664994 -1916.132690 11 33
458155.025043 6787527.664994 -1907.627563 12 33
458205.025043 6787527.664994 -1903.712891 13 33
458255.025043 6787527.664994 -1897.464722 14 33
458305.025043 6787527.664994 -1889.716553 15 33
458355.025043 6787527.664994 -1880.441650 16 33
458405.025043 6787527.664994 -1870.619019 17 33
458455.025043 6787527.664994 -1861.953003 18 33
458505.025043 6787527.664994 -1858.236572 19 33
458555.025043 6787527.664994 -1865.173462 20 33
458605.025043 6787527.664994 -1861.130981 21 33
458655.025043 6787527.664994 -1859.605225 22 33
458705.025043 6787527.664994 -1851.703857 23 33
458755.025043 6787527.664994 -1843.829224 24 33
457655.025043 6787577.664994 -1955.156128 2 34
457705.025043 6787577.664994 -1946.574707 3 34
457755.025043 6787577.664994 -1943.389160 4 34
457805.025043 6787577.664994 -1945.715210 5 34
457855.025043 6787577.664994 -1946.056030 6 34
457905.025043 6787577.664994 -1941.276245 7 34
457955.025043 6787577.664994 -1935.442749 8 34
458005.025043 6787577.664994 -1930.276489 9 34
458055.025043 6787577.664994 -1924.463501 10 34
458105.025043 6787577.664994 -1918.192505 11 34
458155.025043 6787577.664994 -1910.582153 12 34
458205.025043 6787577.664994 -1905.359009 13 34
458255.025043 6787577.664994 -1901.424927 14 34
458305.025043 6787577.664994 -1894.195557 15 34
458355.025043 6787577.664994 -1884.966675 16 34
458405.025043 6787577.664994 -1875.593262 17 34
458455.025043 6787577.664994 -1866.153442 18 34
458505.025043 6787577.664994 -1857.356079 19 34
458555.025043 6787577.664994 -1865.156372 20 34
458605.025043 6787577.664994 -1863.270996 21 34
458655.025043 6787577.664994 -1859.933594 22 34
458705.025043 6787577.664994 -1852.644897 23 34
458755.025043 6787577.664994 -1844.938354 24 34
457655.025043 6787627.664994 -1953.343262 2 35
457705.025043 6787627.664994 -1945.785522 3 35
457755.025043 6787627.664994 -1942.954102 4 35
457805.025043 6787627.664994 -1941.878784 5 35
457855.025043 6787627.664994 -1940.483276 6 35
457905.025043 6787627.664994 -1941.456299 7 35
457955.025043 6787627.664994 -1938.313232 8 35
458005.025043 6787627.664994 -1932.780640 9 35
458055.025043 6787627.664994 -1928.314209 10 35
458105.025043 6787627.664994 -1924.309204 11 35
458155.025043 6787627.664994 -1917.543457 12 35
458205.025043 6787627.664994 -1910.707642 13 35
458255.025043 6787627.664994 -1906.493774 14 35
458305.025043 6787627.664994 -1898.704712 15 35
458355.025043 6787627.664994 -1888.980225 16 35
458405.025043 6787627.664994 -1879.486694 17 35
458455.025043 6787627.664994 -1869.086304 18 35
458505.025043 6787627.664994 -1859.929932 19 35
458555.025043 6787627.664994 -1838.215210 20 35
458605.025043 6787627.664994 -1854.790649 21 35
458655.025043 6787627.664994 -1861.209717 22 35
458705.025043 6787627.664994 -1854.844238 23 35
458755.025043 6787627.664994 -1849.280884 24 35
457705.025043 6787677.664994 -1944.184448 3 36
457755.025043 6787677.664994 -1939.094116 4 36
457805.025043 6787677.664994 -1938.642944 5 36
457855.025043 6787677.664994 -1941.314575 6 36
457905.025043 6787677.664994 -1942.664551 7 36
457955.025043 6787677.664994 -1940.880005 8 36
458005.025043 6787677.664994 -1935.870728 9 36
458055.025043 6787677.664994 -1932.778809 10 36
458105.025043 6787677.664994 -1929.094849 11 36
458155.025043 6787677.664994 -1922.694092 12 36
458205.025043 6787677.664994 -1912.724976 13 36
458255.025043 6787677.664994 -1909.068481 14 36
458305.025043 6787677.664994 -1899.577759 15 36
458355.025043 6787677.664994 -1891.750732 16 36
458405.025043 6787677.664994 -1881.463013 17 36
458455.025043 6787677.664994 -1873.037720 18 36
458505.025043 6787677.664994 -1861.129150 19 36
458555.025043 6787677.664994 -1851.502563 20 36
458605.025043 6787677.664994 -1843.160400 21 36
458655.025043 6787677.664994 -1853.283447 22 36
458705.025043 6787677.664994 -1852.021729 23 36
458755.025043 6787677.664994 -1848.468628 24 36
457755.025043 6787727.664994 -1937.255859 4 37
457805.025043 6787727.664994 -1937.584839 5 37
457855.025043 6787727.664994 -1943.479248 6 37
457905.025043 6787727.664994 -1943.705078 7 37
457955.025043 6787727.664994 -1943.593018 8 37
458005.025043 6787727.664994 -1940.816895 9 37
458055.025043 6787727.664994 -1937.780640 10 37
458105.025043 6787727.664994 -1932.146606 11 37
458155.025043 6787727.664994 -1923.339355 12 37
458205.025043 6787727.664994 -1913.748901 13 37
458255.025043 6787727.664994 -1908.506592 14 37
458305.025043 6787727.664994 -1901.376465 15 37
458355.025043 6787727.664994 -1893.353027 16 37
458405.025043 6787727.664994 -1885.486450 17 37
458455.025043 6787727.664994 -1877.039673 18 37
458505.025043 6787727.664994 -1864.005371 19 37
458555.025043 6787727.664994 -1852.796265 20 37
458605.025043 6787727.664994 -1834.137207 21 37
458655.025043 6787727.664994 -1836.138306 22 37
458705.025043 6787727.664994 -1844.289673 23 37
458755.025043 6787727.664994 -1844.460571 24 37
457805.025043 6787777.664994 -1933.628418 5 38
457855.025043 6787777.664994 -1944.575073 6 38
457905.025043 6787777.664994 -1943.486450 7 38
457955.025043 6787777.664994 -1946.655640 8 38
458005.025043 6787777.664994 -1946.572266 9 38
458055.025043 6787777.664994 -1941.613037 10 38
458105.025043 6787777.664994 -1936.049438 11 38
458155.025043 6787777.664994 -1930.639160 12 38
458205.025043 6787777.664994 -1934.358521 13 38
458255.025043 6787777.664994 -1924.280640 14 38
458305.025043 6787777.664994 -1905.462280 15 38
458355.025043 6787777.664994 -1896.974976 16 38
458405.025043 6787777.664994 -1886.049194 17 38
458455.025043 6787777.664994 -1880.158203 18 38
458505.025043 6787777.664994 -1874.241821 19 38
458555.025043 6787777.664994 -1852.446045 20 38
458605.025043 6787777.664994 -1842.663452 21 38
458655.025043 6787777.664994 -1835.989990 22 38
458705.025043 6787777.664994 -1845.968384 23 38
458755.025043 6787777.664994 -1844.931763 24 38
457855.025043 6787827.664994 -1946.959229 6 39
457905.025043 6787827.664994 -1944.872314 7 39
457955.025043 6787827.664994 -1950.914917 8 39
458005.025043 6787827.664994 -1950.826782 9 39
458055.025043 6787827.664994 -1947.326904 10 39
458105.025043 6787827.664994 -1942.427734 11 39
458155.025043 6787827.664994 -1932.480591 12 39
458205.025043 6787827.664994 -1921.676636 13 39
458255.025043 6787827.664994 -1909.165527 14 39
458305.025043 6787827.664994 -1908.761475 15 39
458355.025043 6787827.664994 -1906.055054 16 39
458405.025043 6787827.664994 -1891.336792 17 39
458455.025043 6787827.664994 -1883.551758 18 39
458505.025043 6787827.664994 -1879.638672 19 39
458555.025043 6787827.664994 -1891.835205 20 39
458605.025043 6787827.664994 -1874.462036 21 39
458655.025043 6787827.664994 -1852.121582 22 39
457855.025043 6787877.664994 -1944.485474 6 40
457905.025043 6787877.664994 -1951.180542 7 40
457955.025043 6787877.664994 -1954.437134 8 40
458005.025043 6787877.664994 -1956.786377 9 40
458055.025043 6787877.664994 -1950.606079 10 40
458105.025043 6787877.664994 -1942.740723 11 40
458155.025043 6787877.664994 -1935.278809 12 40
458205.025043 6787877.664994 -1924.506104 13 40
458255.025043 6787877.664994 -1924.370361 14 40
458305.025043 6787877.664994 -1918.369019 15 40
458355.025043 6787877.664994 -1906.639893 16 40
458405.025043 6787877.664994 -1895.932495 17 40
458455.025043 6787877.664994 -1884.497192 18 40
458505.025043 6787877.664994 -1885.257324 19 40
458555.025043 6787877.664994 -1887.387085 20 40
458605.025043 6787877.664994 -1884.176270 21 40
457855.025043 6787927.664994 -1935.324585 6 41
457905.025043 6787927.664994 -1948.354614 7 41
457955.025043 6787927.664994 -1954.448242 8 41
458005.025043 6787927.664994 -1961.598145 9 41
458055.025043 6787927.664994 -1958.707397 10 41
458105.025043 6787927.664994 -1952.032104 11 41
458155.025043 6787927.664994 -1943.893066 12 41
458205.025043 6787927.664994 -1935.640747 13 41
458255.025043 6787927.664994 -1926.876953 14 41
458305.025043 6787927.664994 -1919.645630 15 41
458355.025043 6787927.664994 -1909.489624 16 41
458405.025043 6787927.664994 -1902.552246 17 41
458455.025043 6787927.664994 -1905.564941 18 41
458505.025043 6787927.664994 -1907.246948 19 41
458555.025043 6787927.664994 -1898.646240 20 41
458605.025043 6787927.664994 -1892.066162 21 41
457905.025043 6787977.664994 -1949.182983 7 42
457955.025043 6787977.664994 -1971.270264 8 42
458005.025043 6787977.664994 -1972.967773 9 42
458055.025043 6787977.664994 -1965.483032 10 42
458105.025043 6787977.664994 -1956.226685 11 42
458155.025043 6787977.664994 -1945.529541 12 42
458205.025043 6787977.664994 -1938.002441 13 42
458255.025043 6787977.664994 -1930.195190 14 42
458305.025043 6787977.664994 -1921.805298 15 42
458355.025043 6787977.664994 -1916.986206 16 42
458405.025043 6787977.664994 -1908.361328 17 42
458455.025043 6787977.664994 -1905.232422 18 42
458505.025043 6787977.664994 -1905.915527 19 42
458555.025043 6787977.664994 -1901.551147 20 42
458605.025043 6787977.664994 -1898.728638 21 42
457905.025043 6788027.664994 -1951.336548 7 43
457955.025043 6788027.664994 -1990.361816 8 43
458005.025043 6788027.664994 -1979.159546 9 43
458055.025043 6788027.664994 -1970.707275 10 43
458105.025043 6788027.664994 -1961.418213 11 43
458155.025043 6788027.664994 -1954.856079 12 43
458205.025043 6788027.664994 -1946.024292 13 43
458255.025043 6788027.664994 -1934.299194 14 43
458305.025043 6788027.664994 -1932.210083 15 43
458355.025043 6788027.664994 -1923.909302 16 43
458405.025043 6788027.664994 -1925.625488 17 43
458455.025043 6788027.664994 -1914.780884 18 43
458505.025043 6788027.664994 -1909.076538 19 43
458555.025043 6788027.664994 -1905.991333 20 43
457955.025043 6788077.664994 -1971.399536 8 44
458005.025043 6788077.664994 -1987.685425 9 44
458055.025043 6788077.664994 -1980.856689 10 44
458105.025043 6788077.664994 -1968.390747 11 44
458155.025043 6788077.664994 -1960.669556 12 44
458205.025043 6788077.664994 -1949.308105 13 44
458255.025043 6788077.664994 -1939.167725 14 44
458305.025043 6788077.664994 -1937.785522 15 44
458355.025043 6788077.664994 -1936.227661 16 44
458405.025043 6788077.664994 -1928.969971 17 44
458455.025043 6788077.664994 -1921.813721 18 44
458505.025043 6788077.664994 -1915.547974 19 44
458555.025043 6788077.664994 -1911.029541 20 44
458605.025043 6788077.664994 -1919.593262 21 44
457955.025043 6788127.664994 -1976.407593 8 45
458005.025043 6788127.664994 -1990.264648 9 45
458055.025043 6788127.664994 -1981.644287 10 45
458105.025043 6788127.664994 -1970.588989 11 45
458155.025043 6788127.664994 -1961.823608 12 45
458205.025043 6788127.664994 -1952.455078 13 45
458255.025043 6788127.664994 -1942.789307 14 45
458305.025043 6788127.664994 -1944.875977 15 45
458355.025043 6788127.664994 -1936.311523 16 45
458405.025043 6788127.664994 -1932.218628 17 45
458455.025043 6788127.664994 -1930.187256 18 45
458505.025043 6788127.664994 -1922.280151 19 45
458555.025043 6788127.664994 -1915.781128 20 45
458605.025043 6788127.664994 -1932.238281 21 45
458655.025043 6788127.664994 -1930.410278 22 45
458705.025043 6788127.664994 -1920.108521 23 45
457955.025043 6788177.664994 -1953.017944 8 46
458005.025043 6788177.664994 -1993.209595 9 46
458055.025043 6788177.664994 -1987.291992 10 46
458105.025043 6788177.664994 -1974.001465 11 46
458155.025043 6788177.664994 -1966.226074 12 46
458205.025043 6788177.664994 -1956.716919 13 46
458255.025043 6788177.664994 -1951.837402 14 46
458305.025043 6788177.664994 -1948.681641 15 46
458355.025043 6788177.664994 -1943.680786 16 46
458405.025043 6788177.664994 -1938.800293 17 46
458455.025043 6788177.664994 -1934.105347 18 46
458505.025043 6788177.664994 -1928.722778 19 46
458555.025043 6788177.664994 -1925.846436 20 46
458605.025043 6788177.664994 -1946.858643 21 46
458655.025043 6788177.664994 -1934.867188 22 46
458705.025043 6788177.664994 -1932.609497 23 46
458755.025043 6788177.664994 -1913.886841 24 46
458805.025043 6788177.664994 -1905.490234 25 46
458005.025043 6788227.664994 -1994.805908 9 47
458055.025043 6788227.664994 -1990.648560 10 47
458105.025043 6788227.664994 -1978.332031 11 47
458155.025043 6788227.664994 -1970.748657 12 47
458205.025043 6788227.664994 -1960.668579 13 47
458255.025043 6788227.664994 -1955.234009 14 47
458305.025043 6788227.664994 -1950.568604 15 47
458355.025043 6788227.664994 -1944.000000 16 47
458405.025043 6788227.664994 -1940.878418 17 47
458455.025043 6788227.664994 -1933.483765 18 47
458505.025043 6788227.664994 -1930.200073 19 47
458555.025043 6788227.664994 -1924.974731 20 47
458605.025043 6788227.664994 -1926.284058 21 47
458655.025043 6788227.664994 -1918.816528 22 47
458705.025043 6788227.664994 -1910.509033 23 47
458755.025043 6788227.664994 -1890.119995 24 47
458805.025043 6788227.664994 -1886.645142 25 47
458005.025043 6788277.664994 -1995.689819 9 48
458055.025043 6788277.664994 -1995.453613 10 48
458105.025043 6788277.664994 -1984.776855 11 48
458155.025043 6788277.664994 -1973.841187 12 48
458205.025043 6788277.664994 -1969.098022 13 48
458255.025043 6788277.664994 -1965.165527 14 48
458305.025043 6788277.664994 -1960.442261 15 48
458355.025043 6788277.664994 -1950.777222 16 48
458405.025043 6788277.664994 -1944.628174 17 48
458455.025043 6788277.664994 -1938.960693 18 48
458505.025043 6788277.664994 -1929.707642 19 48
458555.025043 6788277.664994 -1921.457275 20 48
458605.025043 6788277.664994 -1906.378296 21 48
458655.025043 6788277.664994 -1896.595825 22 48
458705.025043 6788277.664994 -1859.907959 23 48
458755.025043 6788277.664994 -1854.169922 24 48
458805.025043 6788277.664994 -1857.812622 25 48
458005.025043 6788327.664994 -1999.760376 9 49
458055.025043 6788327.664994 -1998.592896 10 49
458105.025043 6788327.664994 -1992.163208 11 49
458155.025043 6788327.664994 -1976.087891 12 49
458205.025043 6788327.664994 -1978.132813 13 49
458255.025043 6788327.664994 -1970.669067 14 49
458305.025043 6788327.664994 -1961.372192 15 49
458355.025043 6788327.664994 -1955.535400 16 49
458405.025043 6788327.664994 -1951.161255 17 49
458455.025043 6788327.664994 -1945.468018 18 49
458505.025043 6788327.664994 -1933.640381 19 49
458555.025043 6788327.664994 -1913.274902 20 49
458605.025043 6788327.664994 -1898.512695 21 49
458655.025043 6788327.664994 -1896.326538 22 49
458705.025043 6788327.664994 -1887.789185 23 49
458755.025043 6788327.664994 -1862.283203 24 49
458805.025043 6788327.664994 -1858.329224 25 49
458005.025043 6788377.664994 -2007.776611 9 50
458055.025043 6788377.664994 -2001.401611 10 50
458105.025043 6788377.664994 -1993.995239 11 50
458155.025043 6788377.664994 -1983.410034 12 50
458205.025043 6788377.664994 -1967.211060 13 50
458255.025043 6788377.664994 -1966.983398 14 50
458305.025043 6788377.664994 -1965.779541 15 50
458355.025043 6788377.664994 -1957.567139 16 50
458405.025043 6788377.664994 -1953.714722 17 50
458455.025043 6788377.664994 -1946.900024 18 50
458505.025043 6788377.664994 -1937.740112 19 50
458555.025043 6788377.664994 -1911.193970 20 50
458605.025043 6788377.664994 -1904.157837 21 50
458655.025043 6788377.664994 -1897.865112 22 50
458705.025043 6788377.664994 -1885.658325 23 50
458755.025043 6788377.664994 -1869.989624 24 50
458805.025043 6788377.664994 -1864.489380 25 50
458005.025043 6788427.664994 -1971.860596 9 51
458055.025043 6788427.664994 -2005.642578 10 51
458105.025043 6788427.664994 -2002.664917 11 51
458155.025043 6788427.664994 -1983.699829 12 51
458205.025043 6788427.664994 -1972.342041 13 51
458255.025043 6788427.664994 -1966.243530 14 51
458305.025043 6788427.664994 -1968.759766 15 51
458355.025043 6788427.664994 -1959.889282 16 51
458405.025043 6788427.664994 -1955.355347 17 51
458455.025043 6788427.664994 -1950.243652 18 51
458505.025043 6788427.664994 -1946.395020 19 51
458555.025043 6788427.664994 -1916.739258 20 51
458605.025043 6788427.664994 -1913.746582 21 51
458655.025043 6788427.664994 -1906.548584 22 51
458705.025043 6788427.664994 -1893.913574 23 51
458755.025043 6788427.664994 -1882.822876 24 51
458805.025043 6788427.664994 -1877.924927 25 51
458205.025043 6788477.664994 -1972.074829 13 52
458255.025043 6788477.664994 -1970.229492 14 52
458305.025043 6788477.664994 -1965.822632 15 52
458355.025043 6788477.664994 -1964.609619 16 52
458405.025043 6788477.664994 -1958.718628 17 52
458455.025043 6788477.664994 -1954.198486 18 52
458505.025043 6788477.664994 -1945.072388 19 52
458555.025043 6788477.664994 -1930.958862 20 52
458605.025043 6788477.664994 -1920.376953 21 52
458655.025043 6788477.664994 -1914.344360 22 52
458705.025043 6788477.664994 -1899.823608 23 52
458755.025043 6788477.664994 -1892.770508 24 52
458805.025043 6788477.664994 -1888.229248 25 52
458255.025043 6788527.664994 -1964.696899 14 53
458305.025043 6788527.664994 -1970.272217 15 53
458355.025043 6788527.664994 -1968.086792 16 53
458405.025043 6788527.664994 -1961.966309 17 53
458455.025043 6788527.664994 -1956.498657 18 53
458505.025043 6788527.664994 -1949.330566 19 53
458555.025043 6788527.664994 -1943.388672 20 53
458605.025043 6788527.664994 -1927.317261 21 53
458655.025043 6788527.664994 -1922.951294 22 53
458705.025043 6788527.664994 -1910.626831 23 53
458755.025043 6788527.664994 -1900.116211 24 53
458805.025043 6788527.664994 -1892.041382 25 53
458305.025043 6788577.664994 -1974.464111 15 54
458355.025043 6788577.664994 -1970.302002 16 54
458405.025043 6788577.664994 -1967.326538 17 54
458455.025043 6788577.664994 -1959.158203 18 54
458505.025043 6788577.664994 -1953.206543 19 54
458555.025043 6788577.664994 -1949.090698 20 54
458605.025043 6788577.664994 -1937.375854 21 54
458655.025043 6788577.664994 -1926.830933 22 54
458705.025043 6788577.664994 -1913.446045 23 54
458755.025043 6788577.664994 -1903.012817 24 54
458805.025043 6788577.664994 -1896.405273 25 54
458305.025043 6788627.664994 -1980.083740 15 55
458355.025043 6788627.664994 -1973.846436 16 55
458405.025043 6788627.664994 -1969.502563 17 55
458455.025043 6788627.664994 -1964.491455 18 55
458505.025043 6788627.664994 -1953.498779 19 55
458555.025043 6788627.664994 -1950.402588 20 55
458605.025043 6788627.664994 -1941.938354 21 55
458655.025043 6788627.664994 -1931.310547 22 55
458705.025043 6788627.664994 -1924.779175 23 55
458755.025043 6788627.664994 -1910.823120 24 55
458805.025043 6788627.664994 -1902.443237 25 55
458305.025043 6788677.664994 -1985.511719 15 56
458355.025043 6788677.664994 -1979.571411 16 56
458405.025043 6788677.664994 -1974.888062 17 56
458455.025043 6788677.664994 -1968.279053 18 56
458505.025043 6788677.664994 -1960.192505 19 56
458555.025043 6788677.664994 -1956.497925 20 56
458605.025043 6788677.664994 -1951.696533 21 56
458655.025043 6788677.664994 -1939.514648 22 56
458705.025043 6788677.664994 -1925.531616 23 56
458755.025043 6788677.664994 -1918.952148 24 56
458805.025043 6788677.664994 -1916.527344 25 56
458305.025043 6788727.664994 -1989.362061 15 57
458355.025043 6788727.664994 -1983.307495 16 57
458405.025043 6788727.664994 -1978.049438 17 57
458455.025043 6788727.664994 -1972.267334 18 57
458505.025043 6788727.664994 -1964.350952 19 57
458555.025043 6788727.664994 -1959.693970 20 57
458605.025043 6788727.664994 -1950.209717 21 57
458655.025043 6788727.664994 -1940.086304 22 57
458705.025043 6788727.664994 -1930.974365 23 57
458755.025043 6788727.664994 -1923.589111 24 57
458805.025043 6788727.664994 -1924.405884 25 57
458305.025043 6788777.664994 -1989.791016 15 58
458355.025043 6788777.664994 -1986.405640 16 58
458405.025043 6788777.664994 -1979.836914 17 58
458455.025043 6788777.664994 -1971.914063 18 58
458505.025043 6788777.664994 -1964.727295 19 58
458555.025043 6788777.664994 -1959.609741 20 58
458605.025043 6788777.664994 -1953.689941 21 58
458655.025043 6788777.664994 -1942.593872 22 58
458705.025043 6788777.664994 -1933.346802 23 58
458755.025043 6788777.664994 -1924.789429 24 58
458805.025043 6788777.664994 -1927.519165 25 58
458305.025043 6788827.664994 -1985.295532 15 59
458355.025043 6788827.664994 -1983.179810 16 59
458405.025043 6788827.664994 -1976.949341 17 59
458455.025043 6788827.664994 -1973.471313 18 59
458505.025043 6788827.664994 -1967.100220 19 59
458555.025043 6788827.664994 -1957.525635 20 59
458605.025043 6788827.664994 -1952.234497 21 59
458655.025043 6788827.664994 -1943.522949 22 59
458705.025043 6788827.664994 -1931.131836 23 59
458755.025043 6788827.664994 -1927.333130 24 59
458805.025043 6788827.664994 -1924.293579 25 59
458455.025043 6788877.664994 -1975.136597 18 60
458505.025043 6788877.664994 -1965.642090 19 60
458555.025043 6788877.664994 -1957.318237 20 60
458605.025043 6788877.664994 -1948.098755 21 60
458655.025043 6788877.664994 -1941.395386 22 60
458705.025043 6788877.664994 -1929.883057 23 60
458755.025043 6788877.664994 -1920.776855 24 60
458805.025043 6788877.664994 -1925.877808 25 60
