# Type: scattered data
# Version: 6
# Description: No description
# Format: free
# Field: 1 x
# Field: 2 y
# Field: 3 z milliseconds
# Field: 4 column
# Field: 5 row
# Projection: Local Rectangular
# Units: meters
# End:
# Information from grid:
# Grid_size: 21 x 40
# Grid_space: 457106.535052,458106.535052,6787679.934952,6789629.934952
# Scattered data: Not_available
# Z_field: z
# Vertical_faults: Not_available
# History: No history
# Z_units: milliseconds
457506.535052 6787729.934952 -1991.485352 9 2
457556.535052 6787729.934952 -1986.066284 10 2
457606.535052 6787729.934952 -1971.219238 11 2
457506.535052 6787779.934952 -1989.924072 9 3
457556.535052 6787779.934952 -1985.834717 10 3
457606.535052 6787779.934952 -1971.332642 11 3
457656.535052 6787779.934952 -1955.843750 12 3
457706.535052 6787779.934952 -1946.772339 13 3
457506.535052 6787829.934952 -1990.646118 9 4
457556.535052 6787829.934952 -1983.541870 10 4
457606.535052 6787829.934952 -1974.885620 11 4
457656.535052 6787829.934952 -1957.273560 12 4
457706.535052 6787829.934952 -1946.359619 13 4
457756.535052 6787829.934952 -1938.550171 14 4
457506.535052 6787879.934952 -1997.394409 9 5
457556.535052 6787879.934952 -1985.749878 10 5
457606.535052 6787879.934952 -1977.698730 11 5
457656.535052 6787879.934952 -1961.174316 12 5
457706.535052 6787879.934952 -1949.405640 13 5
457756.535052 6787879.934952 -1941.037964 14 5
457506.535052 6787929.934952 -2010.833252 9 6
457556.535052 6787929.934952 -1992.263062 10 6
457606.535052 6787929.934952 -1980.612061 11 6
457656.535052 6787929.934952 -1967.536743 12 6
457706.535052 6787929.934952 -1952.867188 13 6
457756.535052 6787929.934952 -1943.264526 14 6
457806.535052 6787929.934952 -1937.430908 15 6
457456.535052 6787979.934952 -2018.584839 8 7
457506.535052 6787979.934952 -2009.649292 9 7
457556.535052 6787979.934952 -1993.970093 10 7
457606.535052 6787979.934952 -1983.774536 11 7
457656.535052 6787979.934952 -1966.062012 12 7
457706.535052 6787979.934952 -1955.287598 13 7
457756.535052 6787979.934952 -1949.239258 14 7
457806.535052 6787979.934952 -1939.668335 15 7
457856.535052 6787979.934952 -1937.211182 16 7
457456.535052 6788029.934952 -2025.526978 8 8
457506.535052 6788029.934952 -2012.481323 9 8
457556.535052 6788029.934952 -1997.102295 10 8
457606.535052 6788029.934952 -1989.050903 11 8
457656.535052 6788029.934952 -1970.114624 12 8
457706.535052 6788029.934952 -1958.518799 13 8
457756.535052 6788029.934952 -1955.352173 14 8
457806.535052 6788029.934952 -1945.321411 15 8
457856.535052 6788029.934952 -1937.168457 16 8
457906.535052 6788029.934952 -1951.121948 17 8
457456.535052 6788079.934952 -2034.442505 8 9
457506.535052 6788079.934952 -2018.040039 9 9
457556.535052 6788079.934952 -2000.480835 10 9
457606.535052 6788079.934952 -1992.418213 11 9
457656.535052 6788079.934952 -1969.659302 12 9
457706.535052 6788079.934952 -1962.975098 13 9
457756.535052 6788079.934952 -1957.367432 14 9
457806.535052 6788079.934952 -1948.017212 15 9
457856.535052 6788079.934952 -1941.244263 16 9
457906.535052 6788079.934952 -1938.814819 17 9
457506.535052 6788129.934952 -2008.056763 9 10
457556.535052 6788129.934952 -1998.435913 10 10
457606.535052 6788129.934952 -1986.929932 11 10
457656.535052 6788129.934952 -1970.577271 12 10
457706.535052 6788129.934952 -1965.982544 13 10
457756.535052 6788129.934952 -1958.669434 14 10
457806.535052 6788129.934952 -1951.162354 15 10
457856.535052 6788129.934952 -1945.117065 16 10
457906.535052 6788129.934952 -1948.218628 17 10
457506.535052 6788179.934952 -2006.128052 9 11
457556.535052 6788179.934952 -1994.407227 10 11
457606.535052 6788179.934952 -1981.631836 11 11
457656.535052 6788179.934952 -1973.668823 12 11
457706.535052 6788179.934952 -1969.063232 13 11
457756.535052 6788179.934952 -1963.640625 14 11
457806.535052 6788179.934952 -1955.537476 15 11
457856.535052 6788179.934952 -1948.510864 16 11
457906.535052 6788179.934952 -1949.621948 17 11
457456.535052 6788229.934952 -2012.199463 8 12
457506.535052 6788229.934952 -2001.610474 9 12
457556.535052 6788229.934952 -1990.025879 10 12
457606.535052 6788229.934952 -1982.752441 11 12
457656.535052 6788229.934952 -1977.443237 12 12
457706.535052 6788229.934952 -1972.122559 13 12
457756.535052 6788229.934952 -1966.191040 14 12
457806.535052 6788229.934952 -1957.406250 15 12
457856.535052 6788229.934952 -1949.157593 16 12
457906.535052 6788229.934952 -1952.221191 17 12
457956.535052 6788229.934952 -1953.055908 18 12
457456.535052 6788279.934952 -2005.494507 8 13
457506.535052 6788279.934952 -2001.672119 9 13
457556.535052 6788279.934952 -2001.613525 10 13
457606.535052 6788279.934952 -1988.501709 11 13
457656.535052 6788279.934952 -1982.093384 12 13
457706.535052 6788279.934952 -1976.974121 13 13
457756.535052 6788279.934952 -1969.916260 14 13
457806.535052 6788279.934952 -1965.882324 15 13
457856.535052 6788279.934952 -1964.398560 16 13
457906.535052 6788279.934952 -1960.557129 17 13
457956.535052 6788279.934952 -1983.656372 18 13
457506.535052 6788329.934952 -2005.005737 9 14
457556.535052 6788329.934952 -1998.768188 10 14
457606.535052 6788329.934952 -1989.748901 11 14
457656.535052 6788329.934952 -1984.782349 12 14
457706.535052 6788329.934952 -1981.273926 13 14
457756.535052 6788329.934952 -1974.233398 14 14
457806.535052 6788329.934952 -1967.167114 15 14
457856.535052 6788329.934952 -1962.839966 16 14
457906.535052 6788329.934952 -1964.156860 17 14
457956.535052 6788329.934952 -1986.615601 18 14
457556.535052 6788379.934952 -1993.849609 10 15
457606.535052 6788379.934952 -1989.209961 11 15
457656.535052 6788379.934952 -1985.657471 12 15
457706.535052 6788379.934952 -1982.484497 13 15
457756.535052 6788379.934952 -1976.721313 14 15
457806.535052 6788379.934952 -1969.333252 15 15
457856.535052 6788379.934952 -1960.980347 16 15
457906.535052 6788379.934952 -1950.583252 17 15
457956.535052 6788379.934952 -1979.930420 18 15
457506.535052 6788429.934952 -1999.248901 9 16
457556.535052 6788429.934952 -1994.228760 10 16
457606.535052 6788429.934952 -1987.892212 11 16
457656.535052 6788429.934952 -1983.698364 12 16
457706.535052 6788429.934952 -1981.182861 13 16
457756.535052 6788429.934952 -1976.142334 14 16
457806.535052 6788429.934952 -1971.402100 15 16
457856.535052 6788429.934952 -1963.350098 16 16
457906.535052 6788429.934952 -1951.795044 17 16
457956.535052 6788429.934952 -1965.603882 18 16
457506.535052 6788479.934952 -1997.933838 9 17
457556.535052 6788479.934952 -1992.970581 10 17
457606.535052 6788479.934952 -1986.539429 11 17
457656.535052 6788479.934952 -1983.034302 12 17
457706.535052 6788479.934952 -1980.118774 13 17
457756.535052 6788479.934952 -1974.665161 14 17
457806.535052 6788479.934952 -1972.632813 15 17
457856.535052 6788479.934952 -1965.440674 16 17
457906.535052 6788479.934952 -1953.479004 17 17
457956.535052 6788479.934952 -1941.368530 18 17
458006.535052 6788479.934952 -1927.381226 19 17
457456.535052 6788529.934952 -1984.073853 8 18
457506.535052 6788529.934952 -1997.308472 9 18
457556.535052 6788529.934952 -1993.879761 10 18
457606.535052 6788529.934952 -1986.299194 11 18
457656.535052 6788529.934952 -1981.760620 12 18
457706.535052 6788529.934952 -1979.907227 13 18
457756.535052 6788529.934952 -1976.474487 14 18
457806.535052 6788529.934952 -1973.047363 15 18
457856.535052 6788529.934952 -1965.403564 16 18
457906.535052 6788529.934952 -1953.017456 17 18
457956.535052 6788529.934952 -1944.989258 18 18
458006.535052 6788529.934952 -1946.691040 19 18
457406.535052 6788579.934952 -1987.944336 7 19
457456.535052 6788579.934952 -1986.172607 8 19
457506.535052 6788579.934952 -1991.170898 9 19
457556.535052 6788579.934952 -1995.725220 10 19
457606.535052 6788579.934952 -1994.014893 11 19
457656.535052 6788579.934952 -1981.691895 12 19
457706.535052 6788579.934952 -1981.728027 13 19
457756.535052 6788579.934952 -1976.443970 14 19
457806.535052 6788579.934952 -1970.857544 15 19
457856.535052 6788579.934952 -1965.321655 16 19
457906.535052 6788579.934952 -1956.192139 17 19
457956.535052 6788579.934952 -1944.277710 18 19
458006.535052 6788579.934952 -1943.643433 19 19
457356.535052 6788629.934952 -2021.320068 6 20
457406.535052 6788629.934952 -2005.904541 7 20
457456.535052 6788629.934952 -2004.563965 8 20
457506.535052 6788629.934952 -1995.476318 9 20
457556.535052 6788629.934952 -1995.848022 10 20
457606.535052 6788629.934952 -1996.383057 11 20
457656.535052 6788629.934952 -1984.308228 12 20
457706.535052 6788629.934952 -1982.908203 13 20
457756.535052 6788629.934952 -1976.078857 14 20
457806.535052 6788629.934952 -1969.776367 15 20
457856.535052 6788629.934952 -1964.839844 16 20
457906.535052 6788629.934952 -1965.646240 17 20
457956.535052 6788629.934952 -1953.611450 18 20
458006.535052 6788629.934952 -1938.807129 19 20
458056.535052 6788629.934952 -1938.028809 20 20
457256.535052 6788679.934952 -2023.280273 4 21
457306.535052 6788679.934952 -2025.198242 5 21
457356.535052 6788679.934952 -2018.511597 6 21
457406.535052 6788679.934952 -2006.380127 7 21
457456.535052 6788679.934952 -2004.201172 8 21
457506.535052 6788679.934952 -1997.948486 9 21
457556.535052 6788679.934952 -1985.370850 10 21
457606.535052 6788679.934952 -1985.165894 11 21
457656.535052 6788679.934952 -1979.121826 12 21
457706.535052 6788679.934952 -1986.175537 13 21
457756.535052 6788679.934952 -1976.785889 14 21
457806.535052 6788679.934952 -1971.421631 15 21
457856.535052 6788679.934952 -1966.973267 16 21
457906.535052 6788679.934952 -1964.192749 17 21
457956.535052 6788679.934952 -1958.675903 18 21
458006.535052 6788679.934952 -1944.289795 19 21
458056.535052 6788679.934952 -1939.219971 20 21
457256.535052 6788729.934952 -2008.890503 4 22
457306.535052 6788729.934952 -2019.230225 5 22
457356.535052 6788729.934952 -2012.446655 6 22
457406.535052 6788729.934952 -2006.312378 7 22
457456.535052 6788729.934952 -2005.855225 8 22
457506.535052 6788729.934952 -1989.756836 9 22
457556.535052 6788729.934952 -1978.960938 10 22
457606.535052 6788729.934952 -1982.636719 11 22
457656.535052 6788729.934952 -1985.910400 12 22
457706.535052 6788729.934952 -1986.984863 13 22
457756.535052 6788729.934952 -1979.014648 14 22
457806.535052 6788729.934952 -1974.463745 15 22
457856.535052 6788729.934952 -1971.354858 16 22
457906.535052 6788729.934952 -1966.004395 17 22
457956.535052 6788729.934952 -1955.993774 18 22
458006.535052 6788729.934952 -1951.821289 19 22
458056.535052 6788729.934952 -1945.253662 20 22
457256.535052 6788779.934952 -2021.427979 4 23
457306.535052 6788779.934952 -2023.623047 5 23
457356.535052 6788779.934952 -2016.233887 6 23
457406.535052 6788779.934952 -2003.770142 7 23
457456.535052 6788779.934952 -2000.039551 8 23
457506.535052 6788779.934952 -1983.645264 9 23
457556.535052 6788779.934952 -1984.374390 10 23
457606.535052 6788779.934952 -1987.951416 11 23
457656.535052 6788779.934952 -1986.066650 12 23
457706.535052 6788779.934952 -1980.216187 13 23
457756.535052 6788779.934952 -1978.415161 14 23
457806.535052 6788779.934952 -1976.839966 15 23
457856.535052 6788779.934952 -1975.798706 16 23
457906.535052 6788779.934952 -1976.820435 17 23
457956.535052 6788779.934952 -1971.216309 18 23
458006.535052 6788779.934952 -1962.152466 19 23
458056.535052 6788779.934952 -1934.359741 20 23
457256.535052 6788829.934952 -2023.748047 4 24
457306.535052 6788829.934952 -2023.312378 5 24
457356.535052 6788829.934952 -2021.343018 6 24
457406.535052 6788829.934952 -2003.446777 7 24
457456.535052 6788829.934952 -2002.314331 8 24
457506.535052 6788829.934952 -1996.964478 9 24
457556.535052 6788829.934952 -1992.708130 10 24
457606.535052 6788829.934952 -1990.372559 11 24
457656.535052 6788829.934952 -1987.790771 12 24
457706.535052 6788829.934952 -1983.313477 13 24
457756.535052 6788829.934952 -1979.177246 14 24
457806.535052 6788829.934952 -1973.303711 15 24
457856.535052 6788829.934952 -1973.488647 16 24
457906.535052 6788829.934952 -1971.554932 17 24
457956.535052 6788829.934952 -1954.625366 18 24
458006.535052 6788829.934952 -1944.952759 19 24
458056.535052 6788829.934952 -1935.843018 20 24
457356.535052 6788879.934952 -2017.461304 6 25
457406.535052 6788879.934952 -2008.471191 7 25
457456.535052 6788879.934952 -2007.261108 8 25
457506.535052 6788879.934952 -2002.862305 9 25
457556.535052 6788879.934952 -1995.174561 10 25
457606.535052 6788879.934952 -1991.662964 11 25
457656.535052 6788879.934952 -1989.393921 12 25
457706.535052 6788879.934952 -1985.432251 13 25
457756.535052 6788879.934952 -1979.782349 14 25
457806.535052 6788879.934952 -1976.857910 15 25
457856.535052 6788879.934952 -1976.909302 16 25
457906.535052 6788879.934952 -1972.002808 17 25
457956.535052 6788879.934952 -1960.615356 18 25
458006.535052 6788879.934952 -1957.137939 19 25
458056.535052 6788879.934952 -1944.500366 20 25
457306.535052 6788929.934952 -1978.213623 5 26
457356.535052 6788929.934952 -2011.411011 6 26
457406.535052 6788929.934952 -2011.730347 7 26
457456.535052 6788929.934952 -2010.841187 8 26
457506.535052 6788929.934952 -2006.559570 9 26
457556.535052 6788929.934952 -2000.086426 10 26
457606.535052 6788929.934952 -1994.465210 11 26
457656.535052 6788929.934952 -1989.788940 12 26
457706.535052 6788929.934952 -1985.719849 13 26
457756.535052 6788929.934952 -1982.962036 14 26
457806.535052 6788929.934952 -1974.859497 15 26
457856.535052 6788929.934952 -1976.790283 16 26
457906.535052 6788929.934952 -1971.990845 17 26
457956.535052 6788929.934952 -1962.457397 18 26
458006.535052 6788929.934952 -1953.742554 19 26
458056.535052 6788929.934952 -1947.748901 20 26
457306.535052 6788979.934952 -1975.568604 5 27
457356.535052 6788979.934952 -2015.958984 6 27
457406.535052 6788979.934952 -2017.302490 7 27
457456.535052 6788979.934952 -2012.566284 8 27
457506.535052 6788979.934952 -2010.035645 9 27
457556.535052 6788979.934952 -2005.316162 10 27
457606.535052 6788979.934952 -1996.662598 11 27
457656.535052 6788979.934952 -1990.128418 12 27
457706.535052 6788979.934952 -1985.307861 13 27
457756.535052 6788979.934952 -1985.410645 14 27
457806.535052 6788979.934952 -1978.148560 15 27
457856.535052 6788979.934952 -1978.732544 16 27
457906.535052 6788979.934952 -1961.076416 17 27
457956.535052 6788979.934952 -1941.559814 18 27
458006.535052 6788979.934952 -1936.320557 19 27
458056.535052 6788979.934952 -1936.602417 20 27
457306.535052 6789029.934952 -2012.832397 5 28
457356.535052 6789029.934952 -2014.860962 6 28
457406.535052 6789029.934952 -2018.777344 7 28
457456.535052 6789029.934952 -2012.903198 8 28
457506.535052 6789029.934952 -2012.540283 9 28
457556.535052 6789029.934952 -2010.211792 10 28
457606.535052 6789029.934952 -2000.932861 11 28
457656.535052 6789029.934952 -1996.529419 12 28
457706.535052 6789029.934952 -1985.383667 13 28
457756.535052 6789029.934952 -1980.778687 14 28
457806.535052 6789029.934952 -1978.184937 15 28
457856.535052 6789029.934952 -1966.694092 16 28
457906.535052 6789029.934952 -1957.257813 17 28
457956.535052 6789029.934952 -1942.530029 18 28
458006.535052 6789029.934952 -1934.741943 19 28
457306.535052 6789079.934952 -1981.030640 5 29
457356.535052 6789079.934952 -1983.941650 6 29
457406.535052 6789079.934952 -2014.518555 7 29
457456.535052 6789079.934952 -2012.159424 8 29
457506.535052 6789079.934952 -2009.721313 9 29
457556.535052 6789079.934952 -2012.706055 10 29
457606.535052 6789079.934952 -2002.156982 11 29
457656.535052 6789079.934952 -2000.151001 12 29
457706.535052 6789079.934952 -1988.645874 13 29
457756.535052 6789079.934952 -1981.313721 14 29
457806.535052 6789079.934952 -1978.994507 15 29
457856.535052 6789079.934952 -1969.448853 16 29
457906.535052 6789079.934952 -1963.567261 17 29
457956.535052 6789079.934952 -1942.253906 18 29
458006.535052 6789079.934952 -1931.646729 19 29
457306.535052 6789129.934952 -1988.159058 5 30
457356.535052 6789129.934952 -1988.974731 6 30
457406.535052 6789129.934952 -2009.272339 7 30
457456.535052 6789129.934952 -2011.263062 8 30
457506.535052 6789129.934952 -2008.282349 9 30
457556.535052 6789129.934952 -2013.326172 10 30
457606.535052 6789129.934952 -2010.539429 11 30
457656.535052 6789129.934952 -2002.580566 12 30
457706.535052 6789129.934952 -1990.557739 13 30
457756.535052 6789129.934952 -1981.869019 14 30
457806.535052 6789129.934952 -1976.562378 15 30
457856.535052 6789129.934952 -1971.041260 16 30
457906.535052 6789129.934952 -1965.570068 17 30
457956.535052 6789129.934952 -1952.289917 18 30
458006.535052 6789129.934952 -1942.206421 19 30
457306.535052 6789179.934952 -1989.189331 5 31
457356.535052 6789179.934952 -2023.765625 6 31
457406.535052 6789179.934952 -2024.641357 7 31
457456.535052 6789179.934952 -2023.457764 8 31
457506.535052 6789179.934952 -2008.340332 9 31
457556.535052 6789179.934952 -2004.305908 10 31
457606.535052 6789179.934952 -2002.981079 11 31
457656.535052 6789179.934952 -2008.394897 12 31
457706.535052 6789179.934952 -1989.641968 13 31
457756.535052 6789179.934952 -1984.517578 14 31
457806.535052 6789179.934952 -1978.447266 15 31
457856.535052 6789179.934952 -1968.566040 16 31
457906.535052 6789179.934952 -1963.913452 17 31
457956.535052 6789179.934952 -1949.605835 18 31
458006.535052 6789179.934952 -1942.881104 19 31
457306.535052 6789229.934952 -1983.850220 5 32
457356.535052 6789229.934952 -1991.934937 6 32
457406.535052 6789229.934952 -2027.867676 7 32
457456.535052 6789229.934952 -2026.409180 8 32
457506.535052 6789229.934952 -2008.585693 9 32
457556.535052 6789229.934952 -2008.021851 10 32
457606.535052 6789229.934952 -2005.257690 11 32
457656.535052 6789229.934952 -2004.264404 12 32
457706.535052 6789229.934952 -1988.317749 13 32
457756.535052 6789229.934952 -1984.165649 14 32
457806.535052 6789229.934952 -1979.849243 15 32
457856.535052 6789229.934952 -1972.061157 16 32
457906.535052 6789229.934952 -1959.745850 17 32
457956.535052 6789229.934952 -1951.817871 18 32
458006.535052 6789229.934952 -1946.843628 19 32
457306.535052 6789279.934952 -1985.385254 5 33
457356.535052 6789279.934952 -1991.324829 6 33
457406.535052 6789279.934952 -2024.742798 7 33
457456.535052 6789279.934952 -2022.610840 8 33
457506.535052 6789279.934952 -2010.212036 9 33
457556.535052 6789279.934952 -2004.010254 10 33
457606.535052 6789279.934952 -2001.309082 11 33
457656.535052 6789279.934952 -1993.187866 12 33
457706.535052 6789279.934952 -1979.601563 13 33
457756.535052 6789279.934952 -1982.458740 14 33
457806.535052 6789279.934952 -1977.543213 15 33
457856.535052 6789279.934952 -1968.330200 16 33
457906.535052 6789279.934952 -1956.346802 17 33
457956.535052 6789279.934952 -1953.641235 18 33
458006.535052 6789279.934952 -1950.694702 19 33
457306.535052 6789329.934952 -1995.881958 5 34
457356.535052 6789329.934952 -2014.155273 6 34
457406.535052 6789329.934952 -2017.203735 7 34
457456.535052 6789329.934952 -2009.237183 8 34
457506.535052 6789329.934952 -2001.671143 9 34
457556.535052 6789329.934952 -1996.028198 10 34
457606.535052 6789329.934952 -1991.698120 11 34
457656.535052 6789329.934952 -1987.607178 12 34
457706.535052 6789329.934952 -1983.094238 13 34
457756.535052 6789329.934952 -1977.445435 14 34
457806.535052 6789329.934952 -1969.700684 15 34
457856.535052 6789329.934952 -1962.785767 16 34
457906.535052 6789329.934952 -1955.037964 17 34
457956.535052 6789329.934952 -1948.909180 18 34
458006.535052 6789329.934952 -1943.933960 19 34
457306.535052 6789379.934952 -2002.289673 5 35
457356.535052 6789379.934952 -2034.974487 6 35
457406.535052 6789379.934952 -2026.339233 7 35
457456.535052 6789379.934952 -2017.966553 8 35
457506.535052 6789379.934952 -2012.001099 9 35
457556.535052 6789379.934952 -2003.824707 10 35
457606.535052 6789379.934952 -1997.513062 11 35
457656.535052 6789379.934952 -1989.802612 12 35
457706.535052 6789379.934952 -1979.258667 13 35
457756.535052 6789379.934952 -1965.222290 14 35
457806.535052 6789379.934952 -1962.776001 15 35
457856.535052 6789379.934952 -1960.811279 16 35
457906.535052 6789379.934952 -1957.939209 17 35
457956.535052 6789379.934952 -1950.808350 18 35
458006.535052 6789379.934952 -1954.107666 19 35
457306.535052 6789429.934952 -2027.260620 5 36
457356.535052 6789429.934952 -2037.323242 6 36
457406.535052 6789429.934952 -2030.156250 7 36
457456.535052 6789429.934952 -2020.452271 8 36
457506.535052 6789429.934952 -2008.904297 9 36
457556.535052 6789429.934952 -2003.160034 10 36
457606.535052 6789429.934952 -1996.761597 11 36
457656.535052 6789429.934952 -1988.905884 12 36
457706.535052 6789429.934952 -1976.887085 13 36
457756.535052 6789429.934952 -1967.037842 14 36
457806.535052 6789429.934952 -1961.386963 15 36
457856.535052 6789429.934952 -1961.239258 16 36
457906.535052 6789429.934952 -1965.175659 17 36
457956.535052 6789429.934952 -1957.163208 18 36
458006.535052 6789429.934952 -1960.620972 19 36
457306.535052 6789479.934952 -2038.608887 5 37
457356.535052 6789479.934952 -2035.965576 6 37
457406.535052 6789479.934952 -2035.251953 7 37
457456.535052 6789479.934952 -2030.424316 8 37
457506.535052 6789479.934952 -2015.237427 9 37
457556.535052 6789479.934952 -2005.081543 10 37
457606.535052 6789479.934952 -2002.082886 11 37
457656.535052 6789479.934952 -1993.857544 12 37
457706.535052 6789479.934952 -1983.257080 13 37
457756.535052 6789479.934952 -1972.756714 14 37
457806.535052 6789479.934952 -1962.576172 15 37
457856.535052 6789479.934952 -1958.708130 16 37
457906.535052 6789479.934952 -1939.233032 17 37
457956.535052 6789479.934952 -1934.591553 18 37
458006.535052 6789479.934952 -1927.499023 19 37
457306.535052 6789529.934952 -2043.698853 5 38
457356.535052 6789529.934952 -2036.697266 6 38
457406.535052 6789529.934952 -2038.592529 7 38
457456.535052 6789529.934952 -2033.356323 8 38
457506.535052 6789529.934952 -2029.254028 9 38
457556.535052 6789529.934952 -2017.901367 10 38
457606.535052 6789529.934952 -2011.508545 11 38
457656.535052 6789529.934952 -2000.525391 12 38
457706.535052 6789529.934952 -1989.175049 13 38
457756.535052 6789529.934952 -1977.541504 14 38
457806.535052 6789529.934952 -1967.508911 15 38
457856.535052 6789529.934952 -1958.456787 16 38
457906.535052 6789529.934952 -1945.456909 17 38
457956.535052 6789529.934952 -1937.126099 18 38
458006.535052 6789529.934952 -1930.032593 19 38
457306.535052 6789579.934952 -2045.194946 5 39
457356.535052 6789579.934952 -2043.241821 6 39
457406.535052 6789579.934952 -2042.845581 7 39
457456.535052 6789579.934952 -2038.181519 8 39
457506.535052 6789579.934952 -2028.162354 9 39
457556.535052 6789579.934952 -2020.363770 10 39
457606.535052 6789579.934952 -2014.617798 11 39
457656.535052 6789579.934952 -2003.164185 12 39
457706.535052 6789579.934952 -1991.613892 13 39
457756.535052 6789579.934952 -1980.511475 14 39
457806.535052 6789579.934952 -1970.108521 15 39
457856.535052 6789579.934952 -1960.322021 16 39
457906.535052 6789579.934952 -1948.069092 17 39
457956.535052 6789579.934952 -1940.120239 18 39
458006.535052 6789579.934952 -1934.282227 19 39
