# Type: scattered data
# Version: 6
# Description: No description
# Format: free
# Field: 1 x
# Field: 2 y
# Field: 3 z milliseconds
# Field: 4 column
# Field: 5 row
# Projection: Local Rectangular
# Units: meters
# End:
# Information from grid:
# Grid_size: 34 x 86
# Grid_space: 456868.956805,458518.956805,6785372.966691,6789622.966691
# Scattered data: Not_available
# Z_field: z
# Vertical_faults: Not_available
# History: No history
# Z_units: milliseconds
457418.956805 6785422.966691 -1664.697754 12 2
457468.956805 6785422.966691 -1694.502686 13 2
457518.956805 6785422.966691 -1721.415771 14 2
457568.956805 6785422.966691 -1744.601807 15 2
457618.956805 6785422.966691 -1762.148804 16 2
457668.956805 6785422.966691 -1770.108765 17 2
457718.956805 6785422.966691 -1778.723267 18 2
457418.956805 6785472.966691 -1658.405029 12 3
457468.956805 6785472.966691 -1686.912354 13 3
457518.956805 6785472.966691 -1713.987549 14 3
457568.956805 6785472.966691 -1737.521484 15 3
457618.956805 6785472.966691 -1755.548462 16 3
457668.956805 6785472.966691 -1765.729248 17 3
457718.956805 6785472.966691 -1779.528687 18 3
457768.956805 6785472.966691 -1798.753174 19 3
457418.956805 6785522.966691 -1653.508911 12 4
457468.956805 6785522.966691 -1680.621094 13 4
457518.956805 6785522.966691 -1708.278442 14 4
457568.956805 6785522.966691 -1733.036621 15 4
457618.956805 6785522.966691 -1748.115356 16 4
457668.956805 6785522.966691 -1762.758423 17 4
457718.956805 6785522.966691 -1784.770996 18 4
457768.956805 6785522.966691 -1811.473999 19 4
457818.956805 6785522.966691 -1835.880005 20 4
457868.956805 6785522.966691 -1857.316528 21 4
457418.956805 6785572.966691 -1652.292236 12 5
457468.956805 6785572.966691 -1683.215454 13 5
457518.956805 6785572.966691 -1713.982422 14 5
457568.956805 6785572.966691 -1743.477783 15 5
457618.956805 6785572.966691 -1764.741455 16 5
457668.956805 6785572.966691 -1785.080566 17 5
457718.956805 6785572.966691 -1809.407227 18 5
457768.956805 6785572.966691 -1837.611084 19 5
457818.956805 6785572.966691 -1859.646362 20 5
457868.956805 6785572.966691 -1878.666504 21 5
457418.956805 6785622.966691 -1652.597534 12 6
457468.956805 6785622.966691 -1689.306152 13 6
457518.956805 6785622.966691 -1725.542603 14 6
457568.956805 6785622.966691 -1757.650879 15 6
457618.956805 6785622.966691 -1789.646729 16 6
457668.956805 6785622.966691 -1818.662109 17 6
457718.956805 6785622.966691 -1840.036255 18 6
457768.956805 6785622.966691 -1862.208984 19 6
457818.956805 6785622.966691 -1884.421143 20 6
457418.956805 6785672.966691 -1662.847412 12 7
457468.956805 6785672.966691 -1704.056885 13 7
457518.956805 6785672.966691 -1743.244629 14 7
457568.956805 6785672.966691 -1779.196899 15 7
457618.956805 6785672.966691 -1815.905640 16 7
457668.956805 6785672.966691 -1848.250732 17 7
457718.956805 6785672.966691 -1870.043823 18 7
457768.956805 6785672.966691 -1890.119873 19 7
457368.956805 6785722.966691 -1626.342163 11 8
457418.956805 6785722.966691 -1675.316162 12 8
457468.956805 6785722.966691 -1724.569336 13 8
457518.956805 6785722.966691 -1752.460938 14 8
457568.956805 6785722.966691 -1781.119141 15 8
457618.956805 6785722.966691 -1821.170654 16 8
457668.956805 6785722.966691 -1865.744141 17 8
457318.956805 6785772.966691 -1650.653076 10 9
457368.956805 6785772.966691 -1677.973145 11 9
457418.956805 6785772.966691 -1730.409546 12 9
457468.956805 6785772.966691 -1774.863037 13 9
457518.956805 6785772.966691 -1799.674927 14 9
457568.956805 6785772.966691 -1822.252197 15 9
457618.956805 6785772.966691 -1852.635376 16 9
457268.956805 6785822.966691 -1682.691284 9 10
457318.956805 6785822.966691 -1716.044189 10 10
457368.956805 6785822.966691 -1775.692261 11 10
457418.956805 6785822.966691 -1819.533569 12 10
457468.956805 6785822.966691 -1847.301025 13 10
457518.956805 6785822.966691 -1876.866577 14 10
457568.956805 6785822.966691 -1902.487305 15 10
457218.956805 6785872.966691 -1669.521118 8 11
457268.956805 6785872.966691 -1711.171631 9 11
457318.956805 6785872.966691 -1752.508911 10 11
457368.956805 6785872.966691 -1810.956909 11 11
457418.956805 6785872.966691 -1856.741333 12 11
457468.956805 6785872.966691 -1888.938843 13 11
457518.956805 6785872.966691 -1917.440796 14 11
457218.956805 6785922.966691 -1686.183594 8 12
457268.956805 6785922.966691 -1730.179565 9 12
457318.956805 6785922.966691 -1777.379639 10 12
457368.956805 6785922.966691 -1830.574585 11 12
457418.956805 6785922.966691 -1876.790405 12 12
457468.956805 6785922.966691 -1913.186890 13 12
457518.956805 6785922.966691 -1942.511230 14 12
457568.956805 6785922.966691 -1964.267822 15 12
457218.956805 6785972.966691 -1696.853394 8 13
457268.956805 6785972.966691 -1740.625000 9 13
457318.956805 6785972.966691 -1788.125122 10 13
457368.956805 6785972.966691 -1837.958496 11 13
457418.956805 6785972.966691 -1883.244263 12 13
457468.956805 6785972.966691 -1921.199585 13 13
457518.956805 6785972.966691 -1951.727051 14 13
457568.956805 6785972.966691 -1973.949829 15 13
457218.956805 6786022.966691 -1702.493164 8 14
457268.956805 6786022.966691 -1744.143311 9 14
457318.956805 6786022.966691 -1789.161621 10 14
457368.956805 6786022.966691 -1835.328735 11 14
457418.956805 6786022.966691 -1878.568848 12 14
457468.956805 6786022.966691 -1916.296753 13 14
457518.956805 6786022.966691 -1947.373779 14 14
457568.956805 6786022.966691 -1970.894775 15 14
457268.956805 6786072.966691 -1743.101440 9 15
457318.956805 6786072.966691 -1784.289063 10 15
457368.956805 6786072.966691 -1826.259399 11 15
457418.956805 6786072.966691 -1866.342773 12 15
457468.956805 6786072.966691 -1902.486816 13 15
457518.956805 6786072.966691 -1933.342896 14 15
457568.956805 6786072.966691 -1957.953003 15 15
457268.956805 6786122.966691 -1739.331909 9 16
457318.956805 6786122.966691 -1776.264648 10 16
457368.956805 6786122.966691 -1813.734253 11 16
457418.956805 6786122.966691 -1849.985962 12 16
457468.956805 6786122.966691 -1883.666138 13 16
457518.956805 6786122.966691 -1913.602661 14 16
457568.956805 6786122.966691 -1938.810181 15 16
457618.956805 6786122.966691 -1958.842529 16 16
457268.956805 6786172.966691 -1734.271484 9 17
457318.956805 6786172.966691 -1767.221924 10 17
457368.956805 6786172.966691 -1800.318237 11 17
457418.956805 6786172.966691 -1832.588257 12 17
457468.956805 6786172.966691 -1863.509888 13 17
457518.956805 6786172.966691 -1892.196777 14 17
457568.956805 6786172.966691 -1917.630127 15 17
457618.956805 6786172.966691 -1939.313110 16 17
457268.956805 6786222.966691 -1728.922607 9 18
457318.956805 6786222.966691 -1758.628784 10 18
457368.956805 6786222.966691 -1787.833252 11 18
457418.956805 6786222.966691 -1816.384399 12 18
457468.956805 6786222.966691 -1844.908081 13 18
457518.956805 6786222.966691 -1872.580688 14 18
457568.956805 6786222.966691 -1898.148071 15 18
457618.956805 6786222.966691 -1921.349365 16 18
457268.956805 6786272.966691 -1723.871582 9 19
457318.956805 6786272.966691 -1751.317383 10 19
457368.956805 6786272.966691 -1777.057495 11 19
457418.956805 6786272.966691 -1802.395386 12 19
457468.956805 6786272.966691 -1829.643799 13 19
457518.956805 6786272.966691 -1857.046631 14 19
457568.956805 6786272.966691 -1882.838135 15 19
457618.956805 6786272.966691 -1907.750244 16 19
457668.956805 6786272.966691 -1929.819092 17 19
457268.956805 6786322.966691 -1718.741699 9 20
457318.956805 6786322.966691 -1745.403198 10 20
457368.956805 6786322.966691 -1768.480103 11 20
457418.956805 6786322.966691 -1791.269531 12 20
457468.956805 6786322.966691 -1819.369751 13 20
457518.956805 6786322.966691 -1847.935059 14 20
457568.956805 6786322.966691 -1873.491333 15 20
457618.956805 6786322.966691 -1900.087280 16 20
457668.956805 6786322.966691 -1923.788086 17 20
457268.956805 6786372.966691 -1711.976929 9 21
457318.956805 6786372.966691 -1738.392700 10 21
457368.956805 6786372.966691 -1761.177856 11 21
457418.956805 6786372.966691 -1785.691040 12 21
457468.956805 6786372.966691 -1817.057495 13 21
457518.956805 6786372.966691 -1848.232544 14 21
457568.956805 6786372.966691 -1874.199585 15 21
457618.956805 6786372.966691 -1899.569214 16 21
457668.956805 6786372.966691 -1923.413940 17 21
457268.956805 6786422.966691 -1702.686646 9 22
457318.956805 6786422.966691 -1730.389038 10 22
457368.956805 6786422.966691 -1756.048462 11 22
457418.956805 6786422.966691 -1784.917114 12 22
457468.956805 6786422.966691 -1822.030396 13 22
457518.956805 6786422.966691 -1858.444214 14 22
457568.956805 6786422.966691 -1882.441040 15 22
457618.956805 6786422.966691 -1904.736572 16 22
457668.956805 6786422.966691 -1928.333130 17 22
457268.956805 6786472.966691 -1703.032471 9 23
457318.956805 6786472.966691 -1729.195923 10 23
457368.956805 6786472.966691 -1757.055054 11 23
457418.956805 6786472.966691 -1786.882324 12 23
457468.956805 6786472.966691 -1823.295044 13 23
457518.956805 6786472.966691 -1859.071167 14 23
457568.956805 6786472.966691 -1883.794189 15 23
457618.956805 6786472.966691 -1907.659424 16 23
457668.956805 6786472.966691 -1930.099609 17 23
457268.956805 6786522.966691 -1709.138306 9 24
457318.956805 6786522.966691 -1733.739868 10 24
457368.956805 6786522.966691 -1761.432617 11 24
457418.956805 6786522.966691 -1791.922241 12 24
457468.956805 6786522.966691 -1825.597900 13 24
457518.956805 6786522.966691 -1858.166626 14 24
457568.956805 6786522.966691 -1885.153687 15 24
457618.956805 6786522.966691 -1909.414185 16 24
457668.956805 6786522.966691 -1931.198975 17 24
457718.956805 6786522.966691 -1950.106079 18 24
457268.956805 6786572.966691 -1719.146484 9 25
457318.956805 6786572.966691 -1742.718018 10 25
457368.956805 6786572.966691 -1769.149536 11 25
457418.956805 6786572.966691 -1798.329834 12 25
457468.956805 6786572.966691 -1829.410278 13 25
457518.956805 6786572.966691 -1859.469238 14 25
457568.956805 6786572.966691 -1886.283325 15 25
457618.956805 6786572.966691 -1910.513428 16 25
457668.956805 6786572.966691 -1931.955200 17 25
457718.956805 6786572.966691 -1950.641479 18 25
457268.956805 6786622.966691 -1732.159058 9 26
457318.956805 6786622.966691 -1755.072876 10 26
457368.956805 6786622.966691 -1780.027222 11 26
457418.956805 6786622.966691 -1806.946533 12 26
457468.956805 6786622.966691 -1835.029053 13 26
457518.956805 6786622.966691 -1862.519897 14 26
457568.956805 6786622.966691 -1888.027466 15 26
457618.956805 6786622.966691 -1911.373535 16 26
457668.956805 6786622.966691 -1932.312744 17 26
457718.956805 6786622.966691 -1950.920288 18 26
457768.956805 6786622.966691 -1967.593872 19 26
457268.956805 6786672.966691 -1746.769531 9 27
457318.956805 6786672.966691 -1769.566162 10 27
457368.956805 6786672.966691 -1793.275513 11 27
457418.956805 6786672.966691 -1817.661865 12 27
457468.956805 6786672.966691 -1842.457275 13 27
457518.956805 6786672.966691 -1866.930908 14 27
457568.956805 6786672.966691 -1890.282349 15 27
457618.956805 6786672.966691 -1912.173340 16 27
457668.956805 6786672.966691 -1932.348389 17 27
457718.956805 6786672.966691 -1950.804810 18 27
457768.956805 6786672.966691 -1967.824829 19 27
457218.956805 6786722.966691 -1737.780762 8 28
457268.956805 6786722.966691 -1761.010010 9 28
457318.956805 6786722.966691 -1784.331421 10 28
457368.956805 6786722.966691 -1807.460327 11 28
457418.956805 6786722.966691 -1829.404541 12 28
457468.956805 6786722.966691 -1850.783081 13 28
457518.956805 6786722.966691 -1871.970947 14 28
457568.956805 6786722.966691 -1892.763550 15 28
457618.956805 6786722.966691 -1912.896851 16 28
457668.956805 6786722.966691 -1932.134399 17 28
457718.956805 6786722.966691 -1950.380249 18 28
457768.956805 6786722.966691 -1967.744507 19 28
457818.956805 6786722.966691 -1984.483398 20 28
457218.956805 6786772.966691 -1748.707153 8 29
457268.956805 6786772.966691 -1772.988770 9 29
457318.956805 6786772.966691 -1797.642334 10 29
457368.956805 6786772.966691 -1821.030151 11 29
457418.956805 6786772.966691 -1840.522583 12 29
457468.956805 6786772.966691 -1858.493164 13 29
457518.956805 6786772.966691 -1876.523682 14 29
457568.956805 6786772.966691 -1894.898682 15 29
457618.956805 6786772.966691 -1913.409058 16 29
457668.956805 6786772.966691 -1931.805176 17 29
457718.956805 6786772.966691 -1949.920654 18 29
457768.956805 6786772.966691 -1967.691284 19 29
457818.956805 6786772.966691 -1985.126465 20 29
457868.956805 6786772.966691 -2002.329956 21 29
457218.956805 6786822.966691 -1756.320435 8 30
457268.956805 6786822.966691 -1781.157104 9 30
457318.956805 6786822.966691 -1807.577393 10 30
457368.956805 6786822.966691 -1832.498047 11 30
457418.956805 6786822.966691 -1849.099243 12 30
457468.956805 6786822.966691 -1863.817383 13 30
457518.956805 6786822.966691 -1879.358643 14 30
457568.956805 6786822.966691 -1896.031738 15 30
457618.956805 6786822.966691 -1913.504883 16 30
457668.956805 6786822.966691 -1931.481689 17 30
457718.956805 6786822.966691 -1949.751587 18 30
457768.956805 6786822.966691 -1968.117676 19 30
457818.956805 6786822.966691 -1986.325317 20 30
457868.956805 6786822.966691 -2004.320557 21 30
457218.956805 6786872.966691 -1759.672607 8 31
457268.956805 6786872.966691 -1785.159912 9 31
457318.956805 6786872.966691 -1812.625122 10 31
457368.956805 6786872.966691 -1837.971924 11 31
457418.956805 6786872.966691 -1852.236816 12 31
457468.956805 6786872.966691 -1865.197144 13 31
457518.956805 6786872.966691 -1879.760010 14 31
457568.956805 6786872.966691 -1895.964722 15 31
457618.956805 6786872.966691 -1913.266846 16 31
457668.956805 6786872.966691 -1931.427002 17 31
457718.956805 6786872.966691 -1950.260132 18 31
457768.956805 6786872.966691 -1969.529419 19 31
457818.956805 6786872.966691 -1988.585938 20 31
457868.956805 6786872.966691 -2007.296509 21 31
457918.956805 6786872.966691 -2025.764160 22 31
457218.956805 6786922.966691 -1759.465820 8 32
457268.956805 6786922.966691 -1785.788940 9 32
457318.956805 6786922.966691 -1810.348877 10 32
457368.956805 6786922.966691 -1831.917847 11 32
457418.956805 6786922.966691 -1848.053467 12 32
457468.956805 6786922.966691 -1862.761475 13 32
457518.956805 6786922.966691 -1878.564941 14 32
457568.956805 6786922.966691 -1895.751953 15 32
457618.956805 6786922.966691 -1913.617432 16 32
457668.956805 6786922.966691 -1932.420776 17 32
457718.956805 6786922.966691 -1952.108032 18 32
457768.956805 6786922.966691 -1972.629517 19 32
457818.956805 6786922.966691 -1992.474854 20 32
457868.956805 6786922.966691 -2011.666992 21 32
457918.956805 6786922.966691 -2030.539551 22 32
457968.956805 6786922.966691 -2049.256104 23 32
457218.956805 6786972.966691 -1757.560303 8 33
457268.956805 6786972.966691 -1785.037231 9 33
457318.956805 6786972.966691 -1806.598511 10 33
457368.956805 6786972.966691 -1825.967896 11 33
457418.956805 6786972.966691 -1843.506104 12 33
457468.956805 6786972.966691 -1861.034180 13 33
457518.956805 6786972.966691 -1879.433594 14 33
457568.956805 6786972.966691 -1898.556274 15 33
457618.956805 6786972.966691 -1917.057373 16 33
457668.956805 6786972.966691 -1936.226929 17 33
457718.956805 6786972.966691 -1956.473145 18 33
457768.956805 6786972.966691 -1978.496460 19 33
457818.956805 6786972.966691 -1998.606567 20 33
457868.956805 6786972.966691 -2017.741333 21 33
457918.956805 6786972.966691 -2036.656250 22 33
457968.956805 6786972.966691 -2055.567871 23 33
457218.956805 6787022.966691 -1755.985229 8 34
457268.956805 6787022.966691 -1786.359619 9 34
457318.956805 6787022.966691 -1805.919434 10 34
457368.956805 6787022.966691 -1825.971436 11 34
457418.956805 6787022.966691 -1846.400757 12 34
457468.956805 6787022.966691 -1867.206299 13 34
457518.956805 6787022.966691 -1888.588501 14 34
457568.956805 6787022.966691 -1910.180420 15 34
457618.956805 6787022.966691 -1928.489502 16 34
457668.956805 6787022.966691 -1946.724609 17 34
457718.956805 6787022.966691 -1965.340942 18 34
457768.956805 6787022.966691 -1988.383667 19 34
457818.956805 6787022.966691 -2007.308594 20 34
457868.956805 6787022.966691 -2025.557617 21 34
457918.956805 6787022.966691 -2044.103760 22 34
457968.956805 6787022.966691 -2062.984131 23 34
458018.956805 6787022.966691 -2081.924561 24 34
457218.956805 6787072.966691 -1753.214478 8 35
457268.956805 6787072.966691 -1786.625244 9 35
457318.956805 6787072.966691 -1813.011475 10 35
457368.956805 6787072.966691 -1839.733521 11 35
457418.956805 6787072.966691 -1865.562988 12 35
457468.956805 6787072.966691 -1890.194458 13 35
457518.956805 6787072.966691 -1913.822876 14 35
457568.956805 6787072.966691 -1936.869507 15 35
457618.956805 6787072.966691 -1955.517456 16 35
457668.956805 6787072.966691 -1969.703491 17 35
457718.956805 6787072.966691 -1983.009277 18 35
457768.956805 6787072.966691 -2001.126343 19 35
457818.956805 6787072.966691 -2017.759521 20 35
457868.956805 6787072.966691 -2034.691528 21 35
457918.956805 6787072.966691 -2052.669922 22 35
457968.956805 6787072.966691 -2071.376465 23 35
458018.956805 6787072.966691 -2090.300537 24 35
458068.956805 6787072.966691 -2109.004883 25 35
457218.956805 6787122.966691 -1749.847412 8 36
457268.956805 6787122.966691 -1787.690308 9 36
457318.956805 6787122.966691 -1822.523438 10 36
457368.956805 6787122.966691 -1856.995850 11 36
457418.956805 6787122.966691 -1891.713745 12 36
457468.956805 6787122.966691 -1916.871826 13 36
457518.956805 6787122.966691 -1941.321533 14 36
457568.956805 6787122.966691 -1965.588867 15 36
457618.956805 6787122.966691 -1988.624390 16 36
457668.956805 6787122.966691 -2004.211548 17 36
457718.956805 6787122.966691 -2008.538208 18 36
457768.956805 6787122.966691 -2017.169434 19 36
457818.956805 6787122.966691 -2029.624390 20 36
457868.956805 6787122.966691 -2044.803345 21 36
457918.956805 6787122.966691 -2062.112549 22 36
457968.956805 6787122.966691 -2080.540283 23 36
458018.956805 6787122.966691 -2099.308594 24 36
458068.956805 6787122.966691 -2117.845215 25 36
458118.956805 6787122.966691 -2135.883789 26 36
457218.956805 6787172.966691 -1749.870239 8 37
457268.956805 6787172.966691 -1791.324829 9 37
457318.956805 6787172.966691 -1830.754883 10 37
457368.956805 6787172.966691 -1870.765137 11 37
457418.956805 6787172.966691 -1909.358154 12 37
457468.956805 6787172.966691 -1936.509888 13 37
457518.956805 6787172.966691 -1961.628784 14 37
457568.956805 6787172.966691 -1987.677856 15 37
457618.956805 6787172.966691 -2012.898682 16 37
457668.956805 6787172.966691 -2024.378540 17 37
457718.956805 6787172.966691 -2025.673218 18 37
457768.956805 6787172.966691 -2030.051392 19 37
457818.956805 6787172.966691 -2040.467041 20 37
457868.956805 6787172.966691 -2054.943115 21 37
457918.956805 6787172.966691 -2071.962646 22 37
457968.956805 6787172.966691 -2090.123047 23 37
458018.956805 6787172.966691 -2108.615234 24 37
458068.956805 6787172.966691 -2126.812256 25 37
458118.956805 6787172.966691 -2144.452637 26 37
457218.956805 6787222.966691 -1752.703369 8 38
457268.956805 6787222.966691 -1792.550049 9 38
457318.956805 6787222.966691 -1832.028442 10 38
457368.956805 6787222.966691 -1869.638672 11 38
457418.956805 6787222.966691 -1904.710938 12 38
457468.956805 6787222.966691 -1933.797852 13 38
457518.956805 6787222.966691 -1959.850830 14 38
457568.956805 6787222.966691 -1985.088257 15 38
457618.956805 6787222.966691 -2007.820313 16 38
457668.956805 6787222.966691 -2021.565552 17 38
457718.956805 6787222.966691 -2029.683594 18 38
457768.956805 6787222.966691 -2037.578735 19 38
457818.956805 6787222.966691 -2049.639160 20 38
457868.956805 6787222.966691 -2064.767090 21 38
457918.956805 6787222.966691 -2081.877686 22 38
457968.956805 6787222.966691 -2099.660889 23 38
458018.956805 6787222.966691 -2117.734131 24 38
458068.956805 6787222.966691 -2135.441162 25 38
458118.956805 6787222.966691 -2152.528564 26 38
458168.956805 6787222.966691 -2169.397705 27 38
457218.956805 6787272.966691 -1757.714355 8 39
457268.956805 6787272.966691 -1796.088623 9 39
457318.956805 6787272.966691 -1833.123901 10 39
457368.956805 6787272.966691 -1865.233154 11 39
457418.956805 6787272.966691 -1895.976074 12 39
457468.956805 6787272.966691 -1924.059692 13 39
457518.956805 6787272.966691 -1949.094482 14 39
457568.956805 6787272.966691 -1973.056396 15 39
457618.956805 6787272.966691 -1995.218018 16 39
457668.956805 6787272.966691 -2013.313110 17 39
457718.956805 6787272.966691 -2027.931030 18 39
457768.956805 6787272.966691 -2042.100220 19 39
457818.956805 6787272.966691 -2057.350586 20 39
457868.956805 6787272.966691 -2073.852295 21 39
457918.956805 6787272.966691 -2091.384033 22 39
457968.956805 6787272.966691 -2108.499023 23 39
458018.956805 6787272.966691 -2126.105957 24 39
458068.956805 6787272.966691 -2143.269775 25 39
458118.956805 6787272.966691 -2159.686035 26 39
458168.956805 6787272.966691 -2176.007813 27 39
458218.956805 6787272.966691 -2193.300537 28 39
457168.956805 6787322.966691 -1730.587769 7 40
457218.956805 6787322.966691 -1769.225952 8 40
457268.956805 6787322.966691 -1807.841431 9 40
457318.956805 6787322.966691 -1843.445679 10 40
457368.956805 6787322.966691 -1868.609253 11 40
457418.956805 6787322.966691 -1895.053223 12 40
457468.956805 6787322.966691 -1920.965454 13 40
457518.956805 6787322.966691 -1942.548584 14 40
457568.956805 6787322.966691 -1964.040894 15 40
457618.956805 6787322.966691 -1985.240967 16 40
457668.956805 6787322.966691 -2005.991455 17 40
457718.956805 6787322.966691 -2025.100952 18 40
457768.956805 6787322.966691 -2043.501709 19 40
457818.956805 6787322.966691 -2061.544189 20 40
457868.956805 6787322.966691 -2079.519043 21 40
457918.956805 6787322.966691 -2098.741943 22 40
457968.956805 6787322.966691 -2115.526123 23 40
458018.956805 6787322.966691 -2133.489014 24 40
458068.956805 6787322.966691 -2150.351807 25 40
458118.956805 6787322.966691 -2166.029053 26 40
458168.956805 6787322.966691 -2181.709961 27 40
458218.956805 6787322.966691 -2199.026611 28 40
457168.956805 6787372.966691 -1748.895508 7 41
457218.956805 6787372.966691 -1793.524902 8 41
457268.956805 6787372.966691 -1835.332764 9 41
457318.956805 6787372.966691 -1870.875244 10 41
457368.956805 6787372.966691 -1894.361206 11 41
457418.956805 6787372.966691 -1916.789307 12 41
457468.956805 6787372.966691 -1936.767456 13 41
457518.956805 6787372.966691 -1953.580566 14 41
457568.956805 6787372.966691 -1970.555542 15 41
457618.956805 6787372.966691 -1987.434326 16 41
457668.956805 6787372.966691 -2004.776245 17 41
457718.956805 6787372.966691 -2020.969971 18 41
457768.956805 6787372.966691 -2037.071533 19 41
457818.956805 6787372.966691 -2056.319824 20 41
457868.956805 6787372.966691 -2076.874023 21 41
457918.956805 6787372.966691 -2099.458496 22 41
457968.956805 6787372.966691 -2120.138184 23 41
458018.956805 6787372.966691 -2141.487061 24 41
458068.956805 6787372.966691 -2158.638428 25 41
458118.956805 6787372.966691 -2173.807129 26 41
458168.956805 6787372.966691 -2188.825195 27 41
458218.956805 6787372.966691 -2205.246094 28 41
458268.956805 6787372.966691 -2225.715576 29 41
457118.956805 6787422.966691 -1736.500366 6 42
457168.956805 6787422.966691 -1757.642334 7 42
457218.956805 6787422.966691 -1831.640625 8 42
457268.956805 6787422.966691 -1873.427612 9 42
457318.956805 6787422.966691 -1902.935913 10 42
457368.956805 6787422.966691 -1923.688354 11 42
457418.956805 6787422.966691 -1943.616089 12 42
457468.956805 6787422.966691 -1957.449585 13 42
457518.956805 6787422.966691 -1970.736450 14 42
457568.956805 6787422.966691 -1983.541138 15 42
457618.956805 6787422.966691 -1996.717041 16 42
457668.956805 6787422.966691 -2009.685913 17 42
457718.956805 6787422.966691 -2022.959839 18 42
457768.956805 6787422.966691 -2036.924194 19 42
457818.956805 6787422.966691 -2058.125732 20 42
457868.956805 6787422.966691 -2080.646729 21 42
457918.956805 6787422.966691 -2106.194336 22 42
457968.956805 6787422.966691 -2132.292480 23 42
458018.956805 6787422.966691 -2157.636475 24 42
458068.956805 6787422.966691 -2174.540283 25 42
458118.956805 6787422.966691 -2190.023926 26 42
458168.956805 6787422.966691 -2205.252930 27 42
458218.956805 6787422.966691 -2219.887451 28 42
458268.956805 6787422.966691 -2237.130615 29 42
458318.956805 6787422.966691 -2259.669434 30 42
457068.956805 6787472.966691 -1745.592041 5 43
457118.956805 6787472.966691 -1745.795044 6 43
457168.956805 6787472.966691 -1769.309448 7 43
457218.956805 6787472.966691 -1855.958252 8 43
457268.956805 6787472.966691 -1901.737305 9 43
457318.956805 6787472.966691 -1924.032837 10 43
457368.956805 6787472.966691 -1940.210815 11 43
457418.956805 6787472.966691 -1956.555542 12 43
457468.956805 6787472.966691 -1966.557861 13 43
457518.956805 6787472.966691 -1979.957642 14 43
457568.956805 6787472.966691 -1994.677124 15 43
457618.956805 6787472.966691 -2013.058472 16 43
457668.956805 6787472.966691 -2039.794800 17 43
457718.956805 6787472.966691 -2064.334473 18 43
457768.956805 6787472.966691 -2082.733643 19 43
457818.956805 6787472.966691 -2107.533447 20 43
457868.956805 6787472.966691 -2129.924561 21 43
457918.956805 6787472.966691 -2149.431641 22 43
457968.956805 6787472.966691 -2168.244385 23 43
458018.956805 6787472.966691 -2186.130371 24 43
458068.956805 6787472.966691 -2203.937744 25 43
458118.956805 6787472.966691 -2224.450684 26 43
458168.956805 6787472.966691 -2243.924316 27 43
458218.956805 6787472.966691 -2260.947266 28 43
458268.956805 6787472.966691 -2258.997314 29 43
458318.956805 6787472.966691 -2273.924072 30 43
457018.956805 6787522.966691 -1752.065186 4 44
457068.956805 6787522.966691 -1774.091553 5 44
457118.956805 6787522.966691 -1788.762207 6 44
457168.956805 6787522.966691 -1812.828613 7 44
457218.956805 6787522.966691 -1846.126587 8 44
457268.956805 6787522.966691 -1877.946777 9 44
457318.956805 6787522.966691 -1893.154663 10 44
457368.956805 6787522.966691 -1906.636963 11 44
457418.956805 6787522.966691 -1920.697632 12 44
457468.956805 6787522.966691 -1938.726563 13 44
457518.956805 6787522.966691 -1966.294434 14 44
457568.956805 6787522.966691 -1993.312134 15 44
457618.956805 6787522.966691 -2019.308594 16 44
457668.956805 6787522.966691 -2043.903198 17 44
457718.956805 6787522.966691 -2067.109375 18 44
457768.956805 6787522.966691 -2088.530518 19 44
457818.956805 6787522.966691 -2108.567383 20 44
457868.956805 6787522.966691 -2127.590576 21 44
457918.956805 6787522.966691 -2143.416504 22 44
457968.956805 6787522.966691 -2159.223389 23 44
458018.956805 6787522.966691 -2175.163818 24 44
458068.956805 6787522.966691 -2191.758301 25 44
458118.956805 6787522.966691 -2212.032471 26 44
458168.956805 6787522.966691 -2233.061768 27 44
458218.956805 6787522.966691 -2254.019287 28 44
458268.956805 6787522.966691 -2267.841064 29 44
458318.956805 6787522.966691 -2283.691406 30 44
458368.956805 6787522.966691 -2298.928223 31 44
457018.956805 6787572.966691 -1760.529663 4 45
457068.956805 6787572.966691 -1802.156250 5 45
457118.956805 6787572.966691 -1823.466919 6 45
457168.956805 6787572.966691 -1844.380005 7 45
457218.956805 6787572.966691 -1868.700928 8 45
457268.956805 6787572.966691 -1888.137939 9 45
457318.956805 6787572.966691 -1902.553467 10 45
457368.956805 6787572.966691 -1916.501465 11 45
457418.956805 6787572.966691 -1932.427979 12 45
457468.956805 6787572.966691 -1951.290039 13 45
457518.956805 6787572.966691 -1975.451782 14 45
457568.956805 6787572.966691 -1999.507935 15 45
457618.956805 6787572.966691 -2025.022583 16 45
457668.956805 6787572.966691 -2048.732422 17 45
457718.956805 6787572.966691 -2067.923096 18 45
457768.956805 6787572.966691 -2083.604492 19 45
457818.956805 6787572.966691 -2098.352783 20 45
457868.956805 6787572.966691 -2114.218506 21 45
457918.956805 6787572.966691 -2129.013184 22 45
457968.956805 6787572.966691 -2143.779785 23 45
458018.956805 6787572.966691 -2158.945313 24 45
458068.956805 6787572.966691 -2174.523926 25 45
458118.956805 6787572.966691 -2190.287354 26 45
458168.956805 6787572.966691 -2213.436523 27 45
458218.956805 6787572.966691 -2237.248291 28 45
458268.956805 6787572.966691 -2267.013428 29 45
458318.956805 6787572.966691 -2288.480713 30 45
458368.956805 6787572.966691 -2302.010986 31 45
456968.956805 6787622.966691 -1741.268677 3 46
457018.956805 6787622.966691 -1756.781494 4 46
457068.956805 6787622.966691 -1804.855103 5 46
457118.956805 6787622.966691 -1831.328125 6 46
457168.956805 6787622.966691 -1848.794922 7 46
457218.956805 6787622.966691 -1867.271240 8 46
457268.956805 6787622.966691 -1883.885864 9 46
457318.956805 6787622.966691 -1907.137207 10 46
457368.956805 6787622.966691 -1925.289551 11 46
457418.956805 6787622.966691 -1944.047119 12 46
457468.956805 6787622.966691 -1961.676270 13 46
457518.956805 6787622.966691 -1977.535767 14 46
457568.956805 6787622.966691 -1994.737793 15 46
457618.956805 6787622.966691 -2010.856445 16 46
457668.956805 6787622.966691 -2026.884277 17 46
457718.956805 6787622.966691 -2044.256104 18 46
457768.956805 6787622.966691 -2082.882080 19 46
457818.956805 6787622.966691 -2096.619873 20 46
457868.956805 6787622.966691 -2111.696045 21 46
457918.956805 6787622.966691 -2126.643555 22 46
457968.956805 6787622.966691 -2141.146240 23 46
458018.956805 6787622.966691 -2155.111816 24 46
458068.956805 6787622.966691 -2168.500244 25 46
458118.956805 6787622.966691 -2181.081787 26 46
458168.956805 6787622.966691 -2203.050781 27 46
458218.956805 6787622.966691 -2228.655273 28 46
458268.956805 6787622.966691 -2264.127197 29 46
458318.956805 6787622.966691 -2288.997314 30 46
458368.956805 6787622.966691 -2301.289063 31 46
456918.956805 6787672.966691 -1728.576294 2 47
456968.956805 6787672.966691 -1759.673340 3 47
457018.956805 6787672.966691 -1788.296143 4 47
457068.956805 6787672.966691 -1804.589233 5 47
457118.956805 6787672.966691 -1821.863403 6 47
457168.956805 6787672.966691 -1842.971191 7 47
457218.956805 6787672.966691 -1863.742065 8 47
457268.956805 6787672.966691 -1883.700073 9 47
457318.956805 6787672.966691 -1905.044800 10 47
457368.956805 6787672.966691 -1926.910278 11 47
457418.956805 6787672.966691 -1947.893799 12 47
457468.956805 6787672.966691 -1963.502075 13 47
457518.956805 6787672.966691 -1979.882935 14 47
457568.956805 6787672.966691 -1995.381592 15 47
457618.956805 6787672.966691 -2010.352051 16 47
457668.956805 6787672.966691 -2033.654175 17 47
457718.956805 6787672.966691 -2062.811279 18 47
457768.956805 6787672.966691 -2103.871826 19 47
457818.956805 6787672.966691 -2130.461182 20 47
457868.956805 6787672.966691 -2156.896729 21 47
457918.956805 6787672.966691 -2173.628418 22 47
457968.956805 6787672.966691 -2190.557861 23 47
458018.956805 6787672.966691 -2201.213379 24 47
458068.956805 6787672.966691 -2211.296387 25 47
458118.956805 6787672.966691 -2222.466064 26 47
458168.956805 6787672.966691 -2235.067383 27 47
458218.956805 6787672.966691 -2251.753418 28 47
458268.956805 6787672.966691 -2271.284180 29 47
458318.956805 6787672.966691 -2287.101807 30 47
458368.956805 6787672.966691 -2297.068115 31 47
458418.956805 6787672.966691 -2304.275391 32 47
456918.956805 6787722.966691 -1731.328979 2 48
456968.956805 6787722.966691 -1761.802002 3 48
457018.956805 6787722.966691 -1798.555054 4 48
457068.956805 6787722.966691 -1830.606934 5 48
457118.956805 6787722.966691 -1849.481934 6 48
457168.956805 6787722.966691 -1873.343872 7 48
457218.956805 6787722.966691 -1897.322876 8 48
457268.956805 6787722.966691 -1914.060913 9 48
457318.956805 6787722.966691 -1931.809937 10 48
457368.956805 6787722.966691 -1949.559937 11 48
457418.956805 6787722.966691 -1966.727173 12 48
457468.956805 6787722.966691 -1984.081421 13 48
457518.956805 6787722.966691 -1998.023926 14 48
457568.956805 6787722.966691 -2011.808594 15 48
457618.956805 6787722.966691 -2026.014893 16 48
457668.956805 6787722.966691 -2043.338623 17 48
457718.956805 6787722.966691 -2060.832031 18 48
457768.956805 6787722.966691 -2118.917725 19 48
457818.956805 6787722.966691 -2148.531982 20 48
457868.956805 6787722.966691 -2177.881348 21 48
457918.956805 6787722.966691 -2196.382324 22 48
457968.956805 6787722.966691 -2214.068359 23 48
458018.956805 6787722.966691 -2225.072510 24 48
458068.956805 6787722.966691 -2234.894287 25 48
458118.956805 6787722.966691 -2244.120117 26 48
458168.956805 6787722.966691 -2252.446045 27 48
458218.956805 6787722.966691 -2262.539795 28 48
458268.956805 6787722.966691 -2273.152832 29 48
458318.956805 6787722.966691 -2282.967529 30 48
458368.956805 6787722.966691 -2290.357178 31 48
458418.956805 6787722.966691 -2296.053711 32 48
456868.956805 6787772.966691 -1716.331665 1 49
456918.956805 6787772.966691 -1734.125732 2 49
456968.956805 6787772.966691 -1755.488892 3 49
457018.956805 6787772.966691 -1777.691895 4 49
457068.956805 6787772.966691 -1806.828003 5 49
457118.956805 6787772.966691 -1840.126709 6 49
457168.956805 6787772.966691 -1881.563599 7 49
457218.956805 6787772.966691 -1920.651367 8 49
457268.956805 6787772.966691 -1939.498291 9 49
457318.956805 6787772.966691 -1955.187988 10 49
457368.956805 6787772.966691 -1972.254639 11 49
457418.956805 6787772.966691 -1989.866699 12 49
457468.956805 6787772.966691 -2008.691895 13 49
457518.956805 6787772.966691 -2020.010132 14 49
457568.956805 6787772.966691 -2035.424194 15 49
457618.956805 6787772.966691 -2056.061523 16 49
457668.956805 6787772.966691 -2072.750732 17 49
457718.956805 6787772.966691 -2089.263672 18 49
457768.956805 6787772.966691 -2130.037354 19 49
457818.956805 6787772.966691 -2155.078857 20 49
457868.956805 6787772.966691 -2176.396240 21 49
457918.956805 6787772.966691 -2194.966553 22 49
457968.956805 6787772.966691 -2211.100098 23 49
458018.956805 6787772.966691 -2225.868164 24 49
458068.956805 6787772.966691 -2238.409668 25 49
458118.956805 6787772.966691 -2246.223633 26 49
458168.956805 6787772.966691 -2254.613037 27 49
458218.956805 6787772.966691 -2263.408936 28 49
458268.956805 6787772.966691 -2271.921631 29 49
458318.956805 6787772.966691 -2276.803955 30 49
458368.956805 6787772.966691 -2281.200195 31 49
458418.956805 6787772.966691 -2285.953857 32 49
458468.956805 6787772.966691 -2292.922852 33 49
456868.956805 6787822.966691 -1735.871826 1 50
456918.956805 6787822.966691 -1747.808472 2 50
456968.956805 6787822.966691 -1756.716187 3 50
457018.956805 6787822.966691 -1774.418579 4 50
457068.956805 6787822.966691 -1807.629272 5 50
457118.956805 6787822.966691 -1827.174316 6 50
457168.956805 6787822.966691 -1855.741089 7 50
457218.956805 6787822.966691 -1885.286255 8 50
457268.956805 6787822.966691 -1911.480103 9 50
457318.956805 6787822.966691 -1933.999390 10 50
457368.956805 6787822.966691 -1957.765015 11 50
457418.956805 6787822.966691 -1980.391235 12 50
457468.956805 6787822.966691 -2003.562744 13 50
457518.956805 6787822.966691 -2022.975464 14 50
457568.956805 6787822.966691 -2043.932495 15 50
457618.956805 6787822.966691 -2064.479492 16 50
457668.956805 6787822.966691 -2086.048096 17 50
457718.956805 6787822.966691 -2102.879395 18 50
457768.956805 6787822.966691 -2118.196045 19 50
457818.956805 6787822.966691 -2131.530518 20 50
457868.956805 6787822.966691 -2144.158203 21 50
457918.956805 6787822.966691 -2157.863281 22 50
457968.956805 6787822.966691 -2172.440186 23 50
458018.956805 6787822.966691 -2187.782227 24 50
458068.956805 6787822.966691 -2202.667969 25 50
458118.956805 6787822.966691 -2213.936523 26 50
458168.956805 6787822.966691 -2225.546143 27 50
458218.956805 6787822.966691 -2237.152100 28 50
458268.956805 6787822.966691 -2248.752686 29 50
458318.956805 6787822.966691 -2257.462158 30 50
458368.956805 6787822.966691 -2266.307373 31 50
458418.956805 6787822.966691 -2275.053467 32 50
458468.956805 6787822.966691 -2284.366211 33 50
456868.956805 6787872.966691 -1757.425659 1 51
456918.956805 6787872.966691 -1770.220581 2 51
456968.956805 6787872.966691 -1778.916870 3 51
457018.956805 6787872.966691 -1793.660156 4 51
457068.956805 6787872.966691 -1815.975098 5 51
457118.956805 6787872.966691 -1840.628784 6 51
457168.956805 6787872.966691 -1868.480957 7 51
457218.956805 6787872.966691 -1896.078125 8 51
457268.956805 6787872.966691 -1919.463379 9 51
457318.956805 6787872.966691 -1938.374756 10 51
457368.956805 6787872.966691 -1956.658691 11 51
457418.956805 6787872.966691 -1974.643066 12 51
457468.956805 6787872.966691 -1992.960571 13 51
457518.956805 6787872.966691 -2013.554443 14 51
457568.956805 6787872.966691 -2032.815552 15 51
457618.956805 6787872.966691 -2050.535645 16 51
457668.956805 6787872.966691 -2050.403320 17 51
457718.956805 6787872.966691 -2063.298828 18 51
457768.956805 6787872.966691 -2077.789795 19 51
457818.956805 6787872.966691 -2093.068604 20 51
457868.956805 6787872.966691 -2105.922607 21 51
457918.956805 6787872.966691 -2115.952148 22 51
457968.956805 6787872.966691 -2126.722412 23 51
458018.956805 6787872.966691 -2144.194336 24 51
458068.956805 6787872.966691 -2161.007080 25 51
458118.956805 6787872.966691 -2177.551270 26 51
458168.956805 6787872.966691 -2193.667969 27 51
458218.956805 6787872.966691 -2209.430176 28 51
458268.956805 6787872.966691 -2224.861328 29 51
458318.956805 6787872.966691 -2239.895996 30 51
458368.956805 6787872.966691 -2254.410156 31 51
458418.956805 6787872.966691 -2269.288330 32 51
458468.956805 6787872.966691 -2280.042480 33 51
456868.956805 6787922.966691 -1770.467651 1 52
456918.956805 6787922.966691 -1794.868530 2 52
456968.956805 6787922.966691 -1819.868164 3 52
457018.956805 6787922.966691 -1846.188477 4 52
457068.956805 6787922.966691 -1818.319824 5 52
457118.956805 6787922.966691 -1853.111816 6 52
457168.956805 6787922.966691 -1874.762573 7 52
457218.956805 6787922.966691 -1900.764526 8 52
457268.956805 6787922.966691 -1927.758667 9 52
457318.956805 6787922.966691 -1956.289307 10 52
457368.956805 6787922.966691 -1977.759644 11 52
457418.956805 6787922.966691 -1998.806885 12 52
457468.956805 6787922.966691 -2019.583984 13 52
457518.956805 6787922.966691 -2041.110840 14 52
457568.956805 6787922.966691 -2063.391113 15 52
457618.956805 6787922.966691 -2075.471680 16 52
457668.956805 6787922.966691 -2090.225586 17 52
457718.956805 6787922.966691 -2104.727051 18 52
457768.956805 6787922.966691 -2088.935547 19 52
457818.956805 6787922.966691 -2080.735596 20 52
457868.956805 6787922.966691 -2090.108398 21 52
457918.956805 6787922.966691 -2099.850098 22 52
457968.956805 6787922.966691 -2110.009033 23 52
458018.956805 6787922.966691 -2128.197510 24 52
458068.956805 6787922.966691 -2146.972900 25 52
458118.956805 6787922.966691 -2165.544678 26 52
458168.956805 6787922.966691 -2183.693604 27 52
458218.956805 6787922.966691 -2201.555908 28 52
458268.956805 6787922.966691 -2219.461426 29 52
458318.956805 6787922.966691 -2237.038086 30 52
458368.956805 6787922.966691 -2254.006592 31 52
458418.956805 6787922.966691 -2270.478027 32 52
458468.956805 6787922.966691 -2281.708740 33 52
456868.956805 6787972.966691 -1764.142212 1 53
456918.956805 6787972.966691 -1782.943115 2 53
456968.956805 6787972.966691 -1801.049072 3 53
457018.956805 6787972.966691 -1820.760620 4 53
457068.956805 6787972.966691 -1844.123779 5 53
457118.956805 6787972.966691 -1869.581665 6 53
457168.956805 6787972.966691 -1899.041382 7 53
457218.956805 6787972.966691 -1929.672607 8 53
457268.956805 6787972.966691 -1959.761230 9 53
457318.956805 6787972.966691 -1988.193604 10 53
457368.956805 6787972.966691 -2013.518433 11 53
457418.956805 6787972.966691 -2035.472656 12 53
457468.956805 6787972.966691 -2057.851807 13 53
457518.956805 6787972.966691 -2075.071777 14 53
457568.956805 6787972.966691 -2086.851074 15 53
457618.956805 6787972.966691 -2090.817871 16 53
457668.956805 6787972.966691 -2100.510254 17 53
457718.956805 6787972.966691 -2110.615234 18 53
457768.956805 6787972.966691 -2112.453857 19 53
457818.956805 6787972.966691 -2119.378662 20 53
457868.956805 6787972.966691 -2131.356689 21 53
457918.956805 6787972.966691 -2145.709961 22 53
457968.956805 6787972.966691 -2160.555420 23 53
458018.956805 6787972.966691 -2176.413574 24 53
458068.956805 6787972.966691 -2193.207520 25 53
458118.956805 6787972.966691 -2209.666504 26 53
458168.956805 6787972.966691 -2226.098389 27 53
458218.956805 6787972.966691 -2242.319824 28 53
458268.956805 6787972.966691 -2254.407227 29 53
458318.956805 6787972.966691 -2266.397705 30 53
458368.956805 6787972.966691 -2277.938232 31 53
458418.956805 6787972.966691 -2285.211182 32 53
456918.956805 6788022.966691 -1761.895020 2 54
456968.956805 6788022.966691 -1773.275513 3 54
457018.956805 6788022.966691 -1786.913086 4 54
457068.956805 6788022.966691 -1795.860474 5 54
457118.956805 6788022.966691 -1807.934448 6 54
457168.956805 6788022.966691 -1834.649658 7 54
457218.956805 6788022.966691 -1858.628662 8 54
457268.956805 6788022.966691 -1889.008301 9 54
457318.956805 6788022.966691 -1920.016846 10 54
457368.956805 6788022.966691 -1938.495361 11 54
457418.956805 6788022.966691 -1964.271851 12 54
457468.956805 6788022.966691 -1985.728760 13 54
457518.956805 6788022.966691 -2011.482056 14 54
457568.956805 6788022.966691 -2017.276611 15 54
457618.956805 6788022.966691 -2032.026855 16 54
457668.956805 6788022.966691 -2057.850830 17 54
457718.956805 6788022.966691 -2081.551025 18 54
457768.956805 6788022.966691 -2103.594727 19 54
457818.956805 6788022.966691 -2153.104980 20 54
457868.956805 6788022.966691 -2171.409424 21 54
457918.956805 6788022.966691 -2187.438232 22 54
457968.956805 6788022.966691 -2203.158691 23 54
458018.956805 6788022.966691 -2218.133301 24 54
458068.956805 6788022.966691 -2232.510010 25 54
458118.956805 6788022.966691 -2246.826904 26 54
458168.956805 6788022.966691 -2260.967285 27 54
458218.956805 6788022.966691 -2274.518311 28 54
458268.956805 6788022.966691 -2282.385010 29 54
456918.956805 6788072.966691 -1744.464844 2 55
456968.956805 6788072.966691 -1754.133423 3 55
457018.956805 6788072.966691 -1768.053833 4 55
457068.956805 6788072.966691 -1785.579834 5 55
457118.956805 6788072.966691 -1796.650879 6 55
457168.956805 6788072.966691 -1798.578003 7 55
457218.956805 6788072.966691 -1808.365112 8 55
457268.956805 6788072.966691 -1829.419556 9 55
457318.956805 6788072.966691 -1852.281860 10 55
457368.956805 6788072.966691 -1873.915283 11 55
457418.956805 6788072.966691 -1894.501831 12 55
457468.956805 6788072.966691 -1913.993042 13 55
457518.956805 6788072.966691 -1945.420898 14 55
457568.956805 6788072.966691 -1987.723389 15 55
457618.956805 6788072.966691 -2038.168091 16 55
457668.956805 6788072.966691 -2095.318848 17 55
457718.956805 6788072.966691 -2150.375488 18 55
457768.956805 6788072.966691 -2175.552734 19 55
457818.956805 6788072.966691 -2204.478027 20 55
457868.956805 6788072.966691 -2217.673584 21 55
457918.956805 6788072.966691 -2228.964355 22 55
457968.956805 6788072.966691 -2230.845459 23 55
458018.956805 6788072.966691 -2238.835938 24 55
458068.956805 6788072.966691 -2253.101563 25 55
458118.956805 6788072.966691 -2267.816895 26 55
458168.956805 6788072.966691 -2280.666016 27 55
456968.956805 6788122.966691 -1779.407349 3 56
457018.956805 6788122.966691 -1803.005127 4 56
457068.956805 6788122.966691 -1827.908325 5 56
457118.956805 6788122.966691 -1840.485596 6 56
457168.956805 6788122.966691 -1832.634399 7 56
457218.956805 6788122.966691 -1871.625000 8 56
457268.956805 6788122.966691 -1903.370239 9 56
457318.956805 6788122.966691 -1930.319702 10 56
457368.956805 6788122.966691 -1955.428833 11 56
457418.956805 6788122.966691 -1980.608765 12 56
457468.956805 6788122.966691 -2002.934326 13 56
457518.956805 6788122.966691 -2021.197266 14 56
457568.956805 6788122.966691 -2038.664551 15 56
457618.956805 6788122.966691 -2059.455078 16 56
457668.956805 6788122.966691 -2082.206543 17 56
457718.956805 6788122.966691 -2106.373047 18 56
457768.956805 6788122.966691 -2123.813477 19 56
457818.956805 6788122.966691 -2145.552002 20 56
457868.956805 6788122.966691 -2166.837891 21 56
457918.956805 6788122.966691 -2186.001465 22 56
457968.956805 6788122.966691 -2227.579346 23 56
458018.956805 6788122.966691 -2257.306641 24 56
458068.956805 6788122.966691 -2267.885742 25 56
458118.956805 6788122.966691 -2282.402832 26 56
456968.956805 6788172.966691 -1780.439697 3 57
457018.956805 6788172.966691 -1806.949341 4 57
457068.956805 6788172.966691 -1831.013916 5 57
457118.956805 6788172.966691 -1859.029297 6 57
457168.956805 6788172.966691 -1888.881836 7 57
457218.956805 6788172.966691 -1915.353760 8 57
457268.956805 6788172.966691 -1937.722290 9 57
457318.956805 6788172.966691 -1959.647583 10 57
457368.956805 6788172.966691 -1980.276978 11 57
457418.956805 6788172.966691 -2003.066772 12 57
457468.956805 6788172.966691 -2026.004883 13 57
457518.956805 6788172.966691 -2038.104492 14 57
457568.956805 6788172.966691 -2050.768555 15 57
457618.956805 6788172.966691 -2062.263916 16 57
457668.956805 6788172.966691 -2075.414551 17 57
457718.956805 6788172.966691 -2091.136475 18 57
457768.956805 6788172.966691 -2111.007324 19 57
457818.956805 6788172.966691 -2134.106445 20 57
457868.956805 6788172.966691 -2153.391357 21 57
457918.956805 6788172.966691 -2199.471436 22 57
457968.956805 6788172.966691 -2234.921875 23 57
458018.956805 6788172.966691 -2258.675049 24 57
458068.956805 6788172.966691 -2273.218994 25 57
456968.956805 6788222.966691 -1757.122314 3 58
457018.956805 6788222.966691 -1786.790894 4 58
457068.956805 6788222.966691 -1777.120850 5 58
457118.956805 6788222.966691 -1811.462646 6 58
457168.956805 6788222.966691 -1843.833618 7 58
457218.956805 6788222.966691 -1874.980713 8 58
457268.956805 6788222.966691 -1906.380005 9 58
457318.956805 6788222.966691 -1937.685791 10 58
457368.956805 6788222.966691 -1966.638428 11 58
457418.956805 6788222.966691 -2000.953979 12 58
457468.956805 6788222.966691 -2020.754639 13 58
457518.956805 6788222.966691 -2043.465820 14 58
457568.956805 6788222.966691 -2064.096680 15 58
457618.956805 6788222.966691 -2082.851563 16 58
457668.956805 6788222.966691 -2101.341064 17 58
457718.956805 6788222.966691 -2119.571777 18 58
457768.956805 6788222.966691 -2137.271240 19 58
457818.956805 6788222.966691 -2157.148193 20 58
457868.956805 6788222.966691 -2181.565918 21 58
457918.956805 6788222.966691 -2217.248535 22 58
457968.956805 6788222.966691 -2242.629395 23 58
458018.956805 6788222.966691 -2256.315674 24 58
458068.956805 6788222.966691 -2273.597900 25 58
456968.956805 6788272.966691 -1753.071411 3 59
457018.956805 6788272.966691 -1781.878418 4 59
457068.956805 6788272.966691 -1815.519043 5 59
457118.956805 6788272.966691 -1848.602295 6 59
457168.956805 6788272.966691 -1880.254517 7 59
457218.956805 6788272.966691 -1912.374023 8 59
457268.956805 6788272.966691 -1944.182495 9 59
457318.956805 6788272.966691 -1974.529175 10 59
457368.956805 6788272.966691 -2002.153931 11 59
457418.956805 6788272.966691 -2030.381592 12 59
457468.956805 6788272.966691 -2049.387451 13 59
457518.956805 6788272.966691 -2068.424805 14 59
457568.956805 6788272.966691 -2088.433838 15 59
457618.956805 6788272.966691 -2109.013428 16 59
457668.956805 6788272.966691 -2127.417725 17 59
457718.956805 6788272.966691 -2145.852295 18 59
457768.956805 6788272.966691 -2164.632813 19 59
457818.956805 6788272.966691 -2187.562988 20 59
457868.956805 6788272.966691 -2210.950439 21 59
457918.956805 6788272.966691 -2229.192627 22 59
457968.956805 6788272.966691 -2242.711914 23 59
458018.956805 6788272.966691 -2259.582764 24 59
456968.956805 6788322.966691 -1752.798828 3 60
457018.956805 6788322.966691 -1771.978394 4 60
457068.956805 6788322.966691 -1801.366211 5 60
457118.956805 6788322.966691 -1835.366211 6 60
457168.956805 6788322.966691 -1870.654663 7 60
457218.956805 6788322.966691 -1905.746216 8 60
457268.956805 6788322.966691 -1941.000977 9 60
457318.956805 6788322.966691 -1969.992554 10 60
457368.956805 6788322.966691 -1990.355347 11 60
457418.956805 6788322.966691 -2010.548096 12 60
457468.956805 6788322.966691 -2035.356445 13 60
457518.956805 6788322.966691 -2064.022705 14 60
457568.956805 6788322.966691 -2092.114258 15 60
457618.956805 6788322.966691 -2119.541992 16 60
457668.956805 6788322.966691 -2142.327637 17 60
457718.956805 6788322.966691 -2164.320557 18 60
457768.956805 6788322.966691 -2186.239014 19 60
457818.956805 6788322.966691 -2209.401611 20 60
457868.956805 6788322.966691 -2229.515381 21 60
457918.956805 6788322.966691 -2240.461914 22 60
457968.956805 6788322.966691 -2250.877441 23 60
456968.956805 6788372.966691 -1762.560669 3 61
457018.956805 6788372.966691 -1779.277344 4 61
457068.956805 6788372.966691 -1812.473022 5 61
457118.956805 6788372.966691 -1847.293579 6 61
457168.956805 6788372.966691 -1880.256836 7 61
457218.956805 6788372.966691 -1913.431030 8 61
457268.956805 6788372.966691 -1946.564087 9 61
457318.956805 6788372.966691 -1973.037720 10 61
457368.956805 6788372.966691 -1986.510620 11 61
457418.956805 6788372.966691 -2002.107788 12 61
457468.956805 6788372.966691 -2024.333496 13 61
457518.956805 6788372.966691 -2046.600220 14 61
457568.956805 6788372.966691 -2070.015381 15 61
457618.956805 6788372.966691 -2095.623291 16 61
457668.956805 6788372.966691 -2120.198242 17 61
457718.956805 6788372.966691 -2148.744873 18 61
457768.956805 6788372.966691 -2180.042725 19 61
457818.956805 6788372.966691 -2203.988525 20 61
457868.956805 6788372.966691 -2224.472412 21 61
457918.956805 6788372.966691 -2238.406982 22 61
457968.956805 6788372.966691 -2250.242432 23 61
456968.956805 6788422.966691 -1783.617310 3 62
457018.956805 6788422.966691 -1805.621826 4 62
457068.956805 6788422.966691 -1824.620972 5 62
457118.956805 6788422.966691 -1844.623413 6 62
457168.956805 6788422.966691 -1864.346924 7 62
457218.956805 6788422.966691 -1883.762695 8 62
457268.956805 6788422.966691 -1904.486084 9 62
457318.956805 6788422.966691 -1926.045044 10 62
457368.956805 6788422.966691 -1945.457031 11 62
457418.956805 6788422.966691 -1965.203125 12 62
457468.956805 6788422.966691 -1985.427368 13 62
457518.956805 6788422.966691 -2004.899658 14 62
457568.956805 6788422.966691 -2026.046509 15 62
457618.956805 6788422.966691 -2049.118652 16 62
457668.956805 6788422.966691 -2070.620117 17 62
457718.956805 6788422.966691 -2109.997559 18 62
457768.956805 6788422.966691 -2161.947510 19 62
457818.956805 6788422.966691 -2182.576904 20 62
457868.956805 6788422.966691 -2203.081787 21 62
457918.956805 6788422.966691 -2223.850586 22 62
456968.956805 6788472.966691 -1792.732300 3 63
457018.956805 6788472.966691 -1816.466675 4 63
457068.956805 6788472.966691 -1828.834351 5 63
457118.956805 6788472.966691 -1841.890259 6 63
457168.956805 6788472.966691 -1855.245850 7 63
457218.956805 6788472.966691 -1868.038818 8 63
457268.956805 6788472.966691 -1882.843994 9 63
457318.956805 6788472.966691 -1900.114746 10 63
457368.956805 6788472.966691 -1919.838135 11 63
457418.956805 6788472.966691 -1939.217285 12 63
457468.956805 6788472.966691 -1957.888184 13 63
457518.956805 6788472.966691 -1977.405029 14 63
457568.956805 6788472.966691 -1997.278687 15 63
457618.956805 6788472.966691 -2017.444702 16 63
457668.956805 6788472.966691 -2035.647339 17 63
457718.956805 6788472.966691 -2069.259766 18 63
457768.956805 6788472.966691 -2115.550293 19 63
457818.956805 6788472.966691 -2143.786377 20 63
457868.956805 6788472.966691 -2172.860107 21 63
456968.956805 6788522.966691 -1788.625122 3 64
457018.956805 6788522.966691 -1806.890869 4 64
457068.956805 6788522.966691 -1821.269409 5 64
457118.956805 6788522.966691 -1836.410034 6 64
457168.956805 6788522.966691 -1852.368652 7 64
457218.956805 6788522.966691 -1868.546875 8 64
457268.956805 6788522.966691 -1884.961914 9 64
457318.956805 6788522.966691 -1901.511353 10 64
457368.956805 6788522.966691 -1918.006592 11 64
457418.956805 6788522.966691 -1934.299805 12 64
457468.956805 6788522.966691 -1950.462036 13 64
457518.956805 6788522.966691 -1966.405396 14 64
457568.956805 6788522.966691 -1981.082886 15 64
457618.956805 6788522.966691 -1995.709473 16 64
457668.956805 6788522.966691 -2010.824097 17 64
457718.956805 6788522.966691 -2028.815308 18 64
457768.956805 6788522.966691 -2045.141602 19 64
457818.956805 6788522.966691 -2085.276367 20 64
457868.956805 6788522.966691 -2132.127441 21 64
456968.956805 6788572.966691 -1791.200928 3 65
457018.956805 6788572.966691 -1813.271973 4 65
457068.956805 6788572.966691 -1831.273438 5 65
457118.956805 6788572.966691 -1849.535034 6 65
457168.956805 6788572.966691 -1866.226074 7 65
457218.956805 6788572.966691 -1881.920288 8 65
457268.956805 6788572.966691 -1897.390381 9 65
457318.956805 6788572.966691 -1912.831177 10 65
457368.956805 6788572.966691 -1928.594727 11 65
457418.956805 6788572.966691 -1944.976440 12 65
457468.956805 6788572.966691 -1961.983154 13 65
457518.956805 6788572.966691 -1978.576172 14 65
457568.956805 6788572.966691 -1994.934204 15 65
457618.956805 6788572.966691 -2011.752075 16 65
457668.956805 6788572.966691 -2027.017944 17 65
457718.956805 6788572.966691 -2045.220093 18 65
457768.956805 6788572.966691 -2059.739746 19 65
457818.956805 6788572.966691 -2090.973877 20 65
457868.956805 6788572.966691 -2117.577881 21 65
457018.956805 6788622.966691 -1821.835327 4 66
457068.956805 6788622.966691 -1846.769043 5 66
457118.956805 6788622.966691 -1866.957642 6 66
457168.956805 6788622.966691 -1884.847290 7 66
457218.956805 6788622.966691 -1902.781860 8 66
457268.956805 6788622.966691 -1920.243408 9 66
457318.956805 6788622.966691 -1935.479004 10 66
457368.956805 6788622.966691 -1950.989990 11 66
457418.956805 6788622.966691 -1966.796509 12 66
457468.956805 6788622.966691 -1983.672974 13 66
457518.956805 6788622.966691 -2001.685791 14 66
457568.956805 6788622.966691 -2019.902954 15 66
457618.956805 6788622.966691 -2038.027710 16 66
457668.956805 6788622.966691 -2052.232666 17 66
457718.956805 6788622.966691 -2066.577148 18 66
457768.956805 6788622.966691 -2080.949951 19 66
457818.956805 6788622.966691 -2095.852051 20 66
457868.956805 6788622.966691 -2111.044678 21 66
457018.956805 6788672.966691 -1828.278198 4 67
457068.956805 6788672.966691 -1859.332153 5 67
457118.956805 6788672.966691 -1883.734253 6 67
457168.956805 6788672.966691 -1903.634155 7 67
457218.956805 6788672.966691 -1926.392578 8 67
457268.956805 6788672.966691 -1948.094727 9 67
457318.956805 6788672.966691 -1966.373169 10 67
457368.956805 6788672.966691 -1983.097656 11 67
457418.956805 6788672.966691 -1998.655884 12 67
457468.956805 6788672.966691 -2014.396973 13 67
457518.956805 6788672.966691 -2033.635010 14 67
457568.956805 6788672.966691 -2051.656738 15 67
457618.956805 6788672.966691 -2067.650879 16 67
457668.956805 6788672.966691 -2077.994873 17 67
457718.956805 6788672.966691 -2087.293945 18 67
457768.956805 6788672.966691 -2095.934326 19 67
457018.956805 6788722.966691 -1826.331909 4 68
457068.956805 6788722.966691 -1847.816528 5 68
457118.956805 6788722.966691 -1868.753906 6 68
457168.956805 6788722.966691 -1891.163330 7 68
457218.956805 6788722.966691 -1940.456665 8 68
457268.956805 6788722.966691 -1983.586914 9 68
457318.956805 6788722.966691 -2012.074707 10 68
457368.956805 6788722.966691 -2031.442261 11 68
457418.956805 6788722.966691 -2052.079834 12 68
457468.956805 6788722.966691 -2066.200928 13 68
457518.956805 6788722.966691 -2079.089355 14 68
457568.956805 6788722.966691 -2091.989990 15 68
457618.956805 6788722.966691 -2105.367432 16 68
457668.956805 6788722.966691 -2112.888184 17 68
457718.956805 6788722.966691 -2116.926270 18 68
457768.956805 6788722.966691 -2120.369141 19 68
457068.956805 6788772.966691 -1866.031250 5 69
457118.956805 6788772.966691 -1893.427246 6 69
457168.956805 6788772.966691 -1921.171509 7 69
457218.956805 6788772.966691 -1974.370117 8 69
457268.956805 6788772.966691 -2022.157837 9 69
457318.956805 6788772.966691 -2056.076660 10 69
457368.956805 6788772.966691 -2080.344482 11 69
457418.956805 6788772.966691 -2104.782227 12 69
457468.956805 6788772.966691 -2121.015869 13 69
457518.956805 6788772.966691 -2132.847656 14 69
457568.956805 6788772.966691 -2144.597656 15 69
457618.956805 6788772.966691 -2155.870850 16 69
457668.956805 6788772.966691 -2155.823486 17 69
457718.956805 6788772.966691 -2151.824463 18 69
457068.956805 6788822.966691 -1906.768188 5 70
457118.956805 6788822.966691 -1952.667480 6 70
457168.956805 6788822.966691 -1985.479370 7 70
457218.956805 6788822.966691 -2019.888794 8 70
457268.956805 6788822.966691 -2054.347656 9 70
457318.956805 6788822.966691 -2088.460693 10 70
457368.956805 6788822.966691 -2121.271729 11 70
457418.956805 6788822.966691 -2145.558594 12 70
457468.956805 6788822.966691 -2168.848877 13 70
457518.956805 6788822.966691 -2186.966064 14 70
457568.956805 6788822.966691 -2199.285400 15 70
457618.956805 6788822.966691 -2212.487061 16 70
457668.956805 6788822.966691 -2198.558350 17 70
457718.956805 6788822.966691 -2181.651123 18 70
457068.956805 6788872.966691 -1907.683716 5 71
457118.956805 6788872.966691 -1949.517456 6 71
457168.956805 6788872.966691 -1980.518066 7 71
457218.956805 6788872.966691 -2010.126587 8 71
457268.956805 6788872.966691 -2038.551270 9 71
457318.956805 6788872.966691 -2065.520508 10 71
457368.956805 6788872.966691 -2091.635498 11 71
457418.956805 6788872.966691 -2108.467041 12 71
457468.956805 6788872.966691 -2124.594238 13 71
457518.956805 6788872.966691 -2143.678955 14 71
457568.956805 6788872.966691 -2158.087402 15 71
457618.956805 6788872.966691 -2175.985596 16 71
457668.956805 6788872.966691 -2172.893311 17 71
457718.956805 6788872.966691 -2182.986572 18 71
457768.956805 6788872.966691 -2194.310059 19 71
457068.956805 6788922.966691 -1889.572510 5 72
457118.956805 6788922.966691 -1919.214722 6 72
457168.956805 6788922.966691 -1947.630615 7 72
457218.956805 6788922.966691 -1974.821289 8 72
457268.956805 6788922.966691 -2000.924561 9 72
457318.956805 6788922.966691 -2020.952026 10 72
457368.956805 6788922.966691 -2040.744751 11 72
457418.956805 6788922.966691 -2059.509033 12 72
457468.956805 6788922.966691 -2077.678955 13 72
457518.956805 6788922.966691 -2099.205078 14 72
457568.956805 6788922.966691 -2120.139404 15 72
457618.956805 6788922.966691 -2143.386475 16 72
457668.956805 6788922.966691 -2167.885986 17 72
457718.956805 6788922.966691 -2191.229004 18 72
457768.956805 6788922.966691 -2212.274414 19 72
457818.956805 6788922.966691 -2234.947021 20 72
457068.956805 6788972.966691 -1870.509766 5 73
457118.956805 6788972.966691 -1891.129639 6 73
457168.956805 6788972.966691 -1913.576660 7 73
457218.956805 6788972.966691 -1940.416748 8 73
457268.956805 6788972.966691 -1966.252686 9 73
457318.956805 6788972.966691 -1985.267334 10 73
457368.956805 6788972.966691 -2004.049561 11 73
457418.956805 6788972.966691 -2026.204590 12 73
457468.956805 6788972.966691 -2053.217285 13 73
457518.956805 6788972.966691 -2092.265381 14 73
457568.956805 6788972.966691 -2129.125488 15 73
457618.956805 6788972.966691 -2164.033447 16 73
457668.956805 6788972.966691 -2191.317139 17 73
457718.956805 6788972.966691 -2216.220947 18 73
457768.956805 6788972.966691 -2237.649658 19 73
457818.956805 6788972.966691 -2254.125000 20 73
457068.956805 6789022.966691 -1856.913940 5 74
457118.956805 6789022.966691 -1866.389771 6 74
457168.956805 6789022.966691 -1877.323120 7 74
457218.956805 6789022.966691 -1919.467163 8 74
457268.956805 6789022.966691 -1968.809326 9 74
457318.956805 6789022.966691 -1996.404419 10 74
457368.956805 6789022.966691 -2021.462891 11 74
457418.956805 6789022.966691 -2049.444092 12 74
457468.956805 6789022.966691 -2078.403320 13 74
457518.956805 6789022.966691 -2123.999023 14 74
457568.956805 6789022.966691 -2171.557861 15 74
457618.956805 6789022.966691 -2215.098633 16 74
457668.956805 6789022.966691 -2230.262451 17 74
457718.956805 6789022.966691 -2246.140381 18 74
457768.956805 6789022.966691 -2261.573975 19 74
457818.956805 6789022.966691 -2270.184814 20 74
457068.956805 6789072.966691 -1855.081787 5 75
457118.956805 6789072.966691 -1866.702148 6 75
457168.956805 6789072.966691 -1881.507202 7 75
457218.956805 6789072.966691 -1929.211670 8 75
457268.956805 6789072.966691 -1981.621704 9 75
457318.956805 6789072.966691 -2010.783081 10 75
457368.956805 6789072.966691 -2037.829712 11 75
457418.956805 6789072.966691 -2068.314941 12 75
457468.956805 6789072.966691 -2098.820801 13 75
457518.956805 6789072.966691 -2137.793213 14 75
457568.956805 6789072.966691 -2180.790527 15 75
457618.956805 6789072.966691 -2223.252686 16 75
457668.956805 6789072.966691 -2239.608643 17 75
457718.956805 6789072.966691 -2256.667236 18 75
457768.956805 6789072.966691 -2272.174561 19 75
457118.956805 6789122.966691 -1894.883911 6 76
457168.956805 6789122.966691 -1933.411255 7 76
457218.956805 6789122.966691 -1973.758789 8 76
457268.956805 6789122.966691 -2002.559692 9 76
457318.956805 6789122.966691 -2026.907349 10 76
457368.956805 6789122.966691 -2051.365234 11 76
457418.956805 6789122.966691 -2077.354980 12 76
457468.956805 6789122.966691 -2106.371826 13 76
457518.956805 6789122.966691 -2135.515381 14 76
457568.956805 6789122.966691 -2168.054443 15 76
457618.956805 6789122.966691 -2202.333008 16 76
457668.956805 6789122.966691 -2232.227051 17 76
457718.956805 6789122.966691 -2254.559570 18 76
457118.956805 6789172.966691 -1921.219971 6 77
457168.956805 6789172.966691 -1958.918335 7 77
457218.956805 6789172.966691 -1996.432251 8 77
457268.956805 6789172.966691 -2024.822876 9 77
457318.956805 6789172.966691 -2051.055420 10 77
457368.956805 6789172.966691 -2077.045654 11 77
457418.956805 6789172.966691 -2101.363770 12 77
457468.956805 6789172.966691 -2125.682617 13 77
457518.956805 6789172.966691 -2149.518799 14 77
457568.956805 6789172.966691 -2175.319336 15 77
457618.956805 6789172.966691 -2202.178955 16 77
457668.956805 6789172.966691 -2230.696289 17 77
457718.956805 6789172.966691 -2249.874268 18 77
457068.956805 6789222.966691 -1916.885498 5 78
457118.956805 6789222.966691 -1947.383423 6 78
457168.956805 6789222.966691 -1978.841431 7 78
457218.956805 6789222.966691 -2010.246948 8 78
457268.956805 6789222.966691 -2039.382935 9 78
457318.956805 6789222.966691 -2069.241943 10 78
457368.956805 6789222.966691 -2099.317627 11 78
457418.956805 6789222.966691 -2119.165039 12 78
457468.956805 6789222.966691 -2138.765625 13 78
457518.956805 6789222.966691 -2158.235840 14 78
457568.956805 6789222.966691 -2177.675293 15 78
457618.956805 6789222.966691 -2198.865967 16 78
457668.956805 6789222.966691 -2220.030762 17 78
457718.956805 6789222.966691 -2239.803223 18 78
457768.956805 6789222.966691 -2254.624023 19 78
457018.956805 6789272.966691 -1901.226929 4 79
457068.956805 6789272.966691 -1930.141724 5 79
457118.956805 6789272.966691 -1960.532837 6 79
457168.956805 6789272.966691 -1990.315186 7 79
457218.956805 6789272.966691 -2018.332642 8 79
457268.956805 6789272.966691 -2046.060669 9 79
457318.956805 6789272.966691 -2076.933838 10 79
457368.956805 6789272.966691 -2108.998779 11 79
457418.956805 6789272.966691 -2126.853516 12 79
457468.956805 6789272.966691 -2140.471924 13 79
457518.956805 6789272.966691 -2155.915771 14 79
457568.956805 6789272.966691 -2171.790527 15 79
457618.956805 6789272.966691 -2189.973145 16 79
457668.956805 6789272.966691 -2208.726318 17 79
457718.956805 6789272.966691 -2228.644775 18 79
457768.956805 6789272.966691 -2246.627441 19 79
457018.956805 6789322.966691 -1915.670654 4 80
457068.956805 6789322.966691 -1933.067261 5 80
457118.956805 6789322.966691 -1956.976563 6 80
457168.956805 6789322.966691 -1981.609253 7 80
457218.956805 6789322.966691 -2005.465454 8 80
457268.956805 6789322.966691 -2029.305176 9 80
457318.956805 6789322.966691 -2053.842529 10 80
457368.956805 6789322.966691 -2079.191895 11 80
457418.956805 6789322.966691 -2103.086182 12 80
457468.956805 6789322.966691 -2125.746338 13 80
457518.956805 6789322.966691 -2143.384766 14 80
457568.956805 6789322.966691 -2160.904541 15 80
457618.956805 6789322.966691 -2178.727539 16 80
457668.956805 6789322.966691 -2195.992188 17 80
457718.956805 6789322.966691 -2218.872803 18 80
457768.956805 6789322.966691 -2244.389404 19 80
457018.956805 6789372.966691 -1936.006836 4 81
457068.956805 6789372.966691 -1950.294189 5 81
457118.956805 6789372.966691 -1970.538086 6 81
457168.956805 6789372.966691 -1991.138428 7 81
457218.956805 6789372.966691 -2011.661133 8 81
457268.956805 6789372.966691 -2031.770752 9 81
457318.956805 6789372.966691 -2052.118164 10 81
457368.956805 6789372.966691 -2072.951172 11 81
457418.956805 6789372.966691 -2096.170898 12 81
457468.956805 6789372.966691 -2122.150146 13 81
457518.956805 6789372.966691 -2143.232178 14 81
457568.956805 6789372.966691 -2163.606934 15 81
457618.956805 6789372.966691 -2183.795410 16 81
457668.956805 6789372.966691 -2205.123779 17 81
457718.956805 6789372.966691 -2230.531006 18 81
457768.956805 6789372.966691 -2256.073730 19 81
457018.956805 6789422.966691 -1960.775635 4 82
457068.956805 6789422.966691 -1980.690674 5 82
457118.956805 6789422.966691 -2000.558594 6 82
457168.956805 6789422.966691 -2020.450928 7 82
457218.956805 6789422.966691 -2040.167603 8 82
457268.956805 6789422.966691 -2057.774170 9 82
457318.956805 6789422.966691 -2074.996826 10 82
457368.956805 6789422.966691 -2092.614258 11 82
457418.956805 6789422.966691 -2110.150879 12 82
457468.956805 6789422.966691 -2128.769287 13 82
457518.956805 6789422.966691 -2152.218750 14 82
457568.956805 6789422.966691 -2175.178711 15 82
457618.956805 6789422.966691 -2198.199463 16 82
457668.956805 6789422.966691 -2226.960938 17 82
457718.956805 6789422.966691 -2255.446289 18 82
457768.956805 6789422.966691 -2269.047607 19 82
457818.956805 6789422.966691 -2255.394531 20 82
457018.956805 6789472.966691 -1971.397705 4 83
457068.956805 6789472.966691 -1987.803345 5 83
457118.956805 6789472.966691 -2004.801147 6 83
457168.956805 6789472.966691 -2022.658691 7 83
457218.956805 6789472.966691 -2041.086182 8 83
457268.956805 6789472.966691 -2057.586914 9 83
457318.956805 6789472.966691 -2073.494629 10 83
457368.956805 6789472.966691 -2088.026855 11 83
457418.956805 6789472.966691 -2102.729004 12 83
457468.956805 6789472.966691 -2118.600342 13 83
457518.956805 6789472.966691 -2137.400635 14 83
457568.956805 6789472.966691 -2155.598633 15 83
457618.956805 6789472.966691 -2173.677246 16 83
457668.956805 6789472.966691 -2194.398682 17 83
457718.956805 6789472.966691 -2215.688232 18 83
457768.956805 6789472.966691 -2223.338867 19 83
457818.956805 6789472.966691 -2224.326172 20 83
457868.956805 6789472.966691 -2222.523926 21 83
457018.956805 6789522.966691 -1974.122192 4 84
457068.956805 6789522.966691 -1982.694580 5 84
457118.956805 6789522.966691 -1996.635254 6 84
457168.956805 6789522.966691 -2014.372192 7 84
457218.956805 6789522.966691 -2031.702637 8 84
457268.956805 6789522.966691 -2048.724121 9 84
457318.956805 6789522.966691 -2065.677734 10 84
457368.956805 6789522.966691 -2082.666016 11 84
457418.956805 6789522.966691 -2096.526123 12 84
457468.956805 6789522.966691 -2109.862305 13 84
457518.956805 6789522.966691 -2123.405273 14 84
457568.956805 6789522.966691 -2136.971680 15 84
457618.956805 6789522.966691 -2150.474121 16 84
457668.956805 6789522.966691 -2164.293945 17 84
457718.956805 6789522.966691 -2176.503662 18 84
457768.956805 6789522.966691 -2185.230469 19 84
457818.956805 6789522.966691 -2193.212158 20 84
457868.956805 6789522.966691 -2201.358643 21 84
457918.956805 6789522.966691 -2209.508789 22 84
457018.956805 6789572.966691 -1976.480713 4 85
457068.956805 6789572.966691 -1979.415405 5 85
457118.956805 6789572.966691 -1989.788086 6 85
457168.956805 6789572.966691 -2005.722656 7 85
457218.956805 6789572.966691 -2022.271729 8 85
457268.956805 6789572.966691 -2039.542969 9 85
457318.956805 6789572.966691 -2057.559326 10 85
457368.956805 6789572.966691 -2075.681885 11 85
457418.956805 6789572.966691 -2089.813477 12 85
457468.956805 6789572.966691 -2102.334717 13 85
457518.956805 6789572.966691 -2114.122070 14 85
457568.956805 6789572.966691 -2125.490479 15 85
457618.956805 6789572.966691 -2136.471191 16 85
457668.956805 6789572.966691 -2147.009521 17 85
457718.956805 6789572.966691 -2157.431152 18 85
457768.956805 6789572.966691 -2166.312012 19 85
457818.956805 6789572.966691 -2177.562988 20 85
457868.956805 6789572.966691 -2189.772461 21 85
457918.956805 6789572.966691 -2202.072266 22 85
