# Type: scattered data
# Version: 6
# Description: No description
# Format: free
# Field: 1 x
# Field: 2 y
# Field: 3 z milliseconds
# Field: 4 column
# Field: 5 row
# Projection: Local Rectangular
# Units: meters
# End:
# Information from grid:
# Grid_size: 21 x 19
# Grid_space: 455206.666583,456206.666583,6780981.543351,6781881.543351
# Scattered data: Not_available
# Z_field: z
# Vertical_faults: Not_available
# History: No history
# Z_units: milliseconds
456056.666583 6781031.543351 -2280.003906 18 2
456106.666583 6781031.543351 -2258.120361 19 2
456156.666583 6781031.543351 -2239.528564 20 2
455956.666583 6781081.543351 -2295.619141 16 3
456006.666583 6781081.543351 -2280.572998 17 3
456056.666583 6781081.543351 -2258.039307 18 3
456106.666583 6781081.543351 -2237.330322 19 3
456156.666583 6781081.543351 -2223.079590 20 3
455906.666583 6781131.543351 -2287.121582 15 4
455956.666583 6781131.543351 -2273.039307 16 4
456006.666583 6781131.543351 -2257.393066 17 4
456056.666583 6781131.543351 -2235.105469 18 4
456106.666583 6781131.543351 -2217.190186 19 4
456156.666583 6781131.543351 -2206.305908 20 4
455306.666583 6781181.543351 -2012.438232 3 5
455356.666583 6781181.543351 -2025.124390 4 5
455406.666583 6781181.543351 -2083.280518 5 5
455456.666583 6781181.543351 -2129.272217 6 5
455506.666583 6781181.543351 -2143.828369 7 5
455556.666583 6781181.543351 -2142.172363 8 5
455856.666583 6781181.543351 -2280.126465 14 5
455906.666583 6781181.543351 -2267.160400 15 5
455956.666583 6781181.543351 -2242.608643 16 5
456006.666583 6781181.543351 -2218.830322 17 5
456056.666583 6781181.543351 -2205.357666 18 5
456106.666583 6781181.543351 -2196.529785 19 5
456156.666583 6781181.543351 -2189.857666 20 5
455256.666583 6781231.543351 -1955.758301 2 6
455306.666583 6781231.543351 -1962.481445 3 6
455356.666583 6781231.543351 -1972.567505 4 6
455406.666583 6781231.543351 -2050.894531 5 6
455456.666583 6781231.543351 -2111.555664 6 6
455506.666583 6781231.543351 -2129.834229 7 6
455556.666583 6781231.543351 -2118.680420 8 6
455606.666583 6781231.543351 -2109.773438 9 6
455656.666583 6781231.543351 -2135.507813 10 6
455806.666583 6781231.543351 -2258.648193 13 6
455856.666583 6781231.543351 -2266.949707 14 6
455906.666583 6781231.543351 -2248.676514 15 6
455956.666583 6781231.543351 -2210.687988 16 6
456006.666583 6781231.543351 -2170.553955 17 6
456056.666583 6781231.543351 -2168.547119 18 6
456106.666583 6781231.543351 -2176.064209 19 6
456156.666583 6781231.543351 -2172.679688 20 6
455256.666583 6781281.543351 -1928.622070 2 7
455306.666583 6781281.543351 -1932.149536 3 7
455356.666583 6781281.543351 -1925.498901 4 7
455406.666583 6781281.543351 -1938.197632 5 7
455456.666583 6781281.543351 -2007.241821 6 7
455506.666583 6781281.543351 -2089.064697 7 7
455556.666583 6781281.543351 -2088.616943 8 7
455606.666583 6781281.543351 -2079.806152 9 7
455656.666583 6781281.543351 -2102.695557 10 7
455706.666583 6781281.543351 -2143.800781 11 7
455756.666583 6781281.543351 -2192.670654 12 7
455806.666583 6781281.543351 -2233.888672 13 7
455856.666583 6781281.543351 -2252.445068 14 7
455906.666583 6781281.543351 -2239.551514 15 7
455956.666583 6781281.543351 -2196.599609 16 7
456006.666583 6781281.543351 -2150.833008 17 7
456056.666583 6781281.543351 -2145.220947 18 7
456106.666583 6781281.543351 -2151.483398 19 7
456156.666583 6781281.543351 -2149.845947 20 7
455256.666583 6781331.543351 -1900.609863 2 8
455306.666583 6781331.543351 -1899.397949 3 8
455356.666583 6781331.543351 -1886.307007 4 8
455406.666583 6781331.543351 -1835.165894 5 8
455456.666583 6781331.543351 -1916.579224 6 8
455506.666583 6781331.543351 -2069.405762 7 8
455556.666583 6781331.543351 -2061.163574 8 8
455606.666583 6781331.543351 -2035.532349 9 8
455656.666583 6781331.543351 -2060.887207 10 8
455706.666583 6781331.543351 -2105.026123 11 8
455756.666583 6781331.543351 -2159.114258 12 8
455806.666583 6781331.543351 -2206.507324 13 8
455856.666583 6781331.543351 -2239.733643 14 8
455906.666583 6781331.543351 -2240.972412 15 8
455956.666583 6781331.543351 -2194.391113 16 8
456006.666583 6781331.543351 -2140.568115 17 8
456056.666583 6781331.543351 -2124.827148 18 8
456106.666583 6781331.543351 -2124.001953 19 8
456156.666583 6781331.543351 -2121.459229 20 8
455256.666583 6781381.543351 -1872.490601 2 9
455306.666583 6781381.543351 -1867.522095 3 9
455356.666583 6781381.543351 -1851.818481 4 9
455406.666583 6781381.543351 -1841.843506 5 9
455456.666583 6781381.543351 -1911.418457 6 9
455506.666583 6781381.543351 -2016.069336 7 9
455556.666583 6781381.543351 -2020.006104 8 9
455606.666583 6781381.543351 -2006.167236 9 9
455656.666583 6781381.543351 -2028.598755 10 9
455706.666583 6781381.543351 -2066.113525 11 9
455756.666583 6781381.543351 -2123.094482 12 9
455806.666583 6781381.543351 -2183.366943 13 9
455856.666583 6781381.543351 -2224.947021 14 9
455906.666583 6781381.543351 -2242.970459 15 9
455956.666583 6781381.543351 -2190.103516 16 9
456006.666583 6781381.543351 -2133.078125 17 9
456056.666583 6781381.543351 -2106.368408 18 9
456106.666583 6781381.543351 -2098.100586 19 9
456156.666583 6781381.543351 -2090.289795 20 9
455306.666583 6781431.543351 -1845.195313 3 10
455356.666583 6781431.543351 -1841.217285 4 10
455406.666583 6781431.543351 -1852.735962 5 10
455456.666583 6781431.543351 -1906.107910 6 10
455506.666583 6781431.543351 -1970.501587 7 10
455556.666583 6781431.543351 -1983.557739 8 10
455606.666583 6781431.543351 -1983.553711 9 10
455656.666583 6781431.543351 -2000.848022 10 10
455706.666583 6781431.543351 -2026.020874 11 10
455756.666583 6781431.543351 -2059.654541 12 10
455806.666583 6781431.543351 -2107.936768 13 10
455856.666583 6781431.543351 -2162.752441 14 10
455906.666583 6781431.543351 -2189.684814 15 10
455956.666583 6781431.543351 -2150.138916 16 10
456006.666583 6781431.543351 -2092.370117 17 10
456056.666583 6781431.543351 -2068.980225 18 10
456106.666583 6781431.543351 -2061.100830 19 10
456156.666583 6781431.543351 -2051.104004 20 10
455406.666583 6781481.543351 -1853.177612 5 11
455456.666583 6781481.543351 -1892.837158 6 11
455506.666583 6781481.543351 -1936.908691 7 11
455556.666583 6781481.543351 -1948.006958 8 11
455606.666583 6781481.543351 -1951.928955 9 11
455656.666583 6781481.543351 -1975.749634 10 11
455706.666583 6781481.543351 -2001.718262 11 11
455756.666583 6781481.543351 -1993.019775 12 11
455806.666583 6781481.543351 -1985.347534 13 11
455856.666583 6781481.543351 -2069.634277 14 11
455906.666583 6781481.543351 -2129.833252 15 11
455956.666583 6781481.543351 -2100.710693 16 11
456006.666583 6781481.543351 -2046.348633 17 11
456056.666583 6781481.543351 -2025.380859 18 11
456106.666583 6781481.543351 -2022.136963 19 11
456156.666583 6781481.543351 -2008.407837 20 11
455506.666583 6781531.543351 -1896.499023 7 12
455556.666583 6781531.543351 -1908.947510 8 12
455606.666583 6781531.543351 -1918.955566 9 12
455656.666583 6781531.543351 -1947.328003 10 12
455706.666583 6781531.543351 -1972.620117 11 12
455756.666583 6781531.543351 -1957.033691 12 12
455806.666583 6781531.543351 -1950.890015 13 12
455856.666583 6781531.543351 -2025.514893 14 12
455906.666583 6781531.543351 -2096.047119 15 12
455956.666583 6781531.543351 -2060.354004 16 12
456006.666583 6781531.543351 -2002.696533 17 12
456056.666583 6781531.543351 -1974.643921 18 12
456106.666583 6781531.543351 -1953.441528 19 12
456156.666583 6781531.543351 -1948.787109 20 12
455556.666583 6781581.543351 -1870.906006 8 13
455606.666583 6781581.543351 -1886.737671 9 13
455656.666583 6781581.543351 -1915.444824 10 13
455706.666583 6781581.543351 -1938.628052 11 13
455756.666583 6781581.543351 -1930.905273 12 13
455806.666583 6781581.543351 -1931.795044 13 13
455856.666583 6781581.543351 -1974.095215 14 13
455906.666583 6781581.543351 -2016.323486 15 13
455956.666583 6781581.543351 -1995.034546 16 13
456006.666583 6781581.543351 -1957.462891 17 13
456056.666583 6781581.543351 -1933.491577 18 13
456106.666583 6781581.543351 -1914.448853 19 13
456156.666583 6781581.543351 -1905.104492 20 13
455556.666583 6781631.543351 -1842.228027 8 14
455606.666583 6781631.543351 -1855.930542 9 14
455656.666583 6781631.543351 -1882.654785 10 14
455706.666583 6781631.543351 -1904.706299 11 14
455756.666583 6781631.543351 -1901.910522 12 14
455806.666583 6781631.543351 -1905.219360 13 14
455856.666583 6781631.543351 -1914.041626 14 14
455906.666583 6781631.543351 -1907.952393 15 14
455956.666583 6781631.543351 -1919.005127 16 14
456006.666583 6781631.543351 -1917.703979 17 14
456056.666583 6781631.543351 -1900.219482 18 14
456106.666583 6781631.543351 -1883.662720 19 14
455606.666583 6781681.543351 -1833.194336 9 15
455656.666583 6781681.543351 -1850.879517 10 15
455706.666583 6781681.543351 -1864.494019 11 15
455756.666583 6781681.543351 -1862.925537 12 15
455806.666583 6781681.543351 -1859.653442 13 15
455856.666583 6781681.543351 -1868.419312 14 15
455906.666583 6781681.543351 -1876.862549 15 15
455956.666583 6781681.543351 -1881.498413 16 15
456006.666583 6781681.543351 -1879.269775 17 15
456056.666583 6781681.543351 -1867.297729 18 15
456106.666583 6781681.543351 -1854.211548 19 15
455706.666583 6781731.543351 -1827.540039 11 16
455756.666583 6781731.543351 -1825.926270 12 16
455806.666583 6781731.543351 -1827.675659 13 16
455856.666583 6781731.543351 -1839.003784 14 16
455906.666583 6781731.543351 -1853.291016 15 16
455956.666583 6781731.543351 -1849.908569 16 16
456006.666583 6781731.543351 -1841.763306 17 16
456056.666583 6781731.543351 -1833.502197 18 16
455756.666583 6781781.543351 -1800.000610 12 17
455806.666583 6781781.543351 -1806.137695 13 17
455856.666583 6781781.543351 -1818.920898 14 17
455906.666583 6781781.543351 -1831.066040 15 17
455956.666583 6781781.543351 -1824.205078 16 17
456006.666583 6781781.543351 -1811.447510 17 17
456056.666583 6781781.543351 -1803.316284 18 17
455856.666583 6781831.543351 -1798.408691 14 18
455906.666583 6781831.543351 -1807.848511 15 18
455956.666583 6781831.543351 -1800.980347 16 18
456006.666583 6781831.543351 -1788.570190 17 18
