# Type: scattered data
# Version: 6
# Description: No description
# Format: free
# Field: 1 x
# Field: 2 y
# Field: 3 z milliseconds
# Field: 4 column
# Field: 5 row
# Projection: Local Rectangular
# Units: meters
# End:
# Information from grid:
# Grid_size: 19 x 39
# Grid_space: 457799.342670,458699.342670,6787717.538956,6789617.538956
# Scattered data: Not_available
# Z_field: z
# Vertical_faults: Not_available
# History: No history
# Z_units: milliseconds
457849.342670 6787767.538956 -1946.592773 2 2
457899.342670 6787767.538956 -1979.260010 3 2
457849.342670 6787817.538956 -1929.559937 2 3
457899.342670 6787817.538956 -1963.952393 3 3
457949.342670 6787817.538956 -1965.788452 4 3
457849.342670 6787867.538956 -1904.256592 2 4
457899.342670 6787867.538956 -1922.957275 3 4
457949.342670 6787867.538956 -1937.443726 4 4
457999.342670 6787867.538956 -1952.286255 5 4
458049.342670 6787867.538956 -1968.863159 6 4
458099.342670 6787867.538956 -1989.507690 7 4
457849.342670 6787917.538956 -1884.661377 2 5
457899.342670 6787917.538956 -1907.350342 3 5
457949.342670 6787917.538956 -1927.433838 4 5
457999.342670 6787917.538956 -1948.841187 5 5
458049.342670 6787917.538956 -1969.223511 6 5
458099.342670 6787917.538956 -1991.752686 7 5
458149.342670 6787917.538956 -2014.026123 8 5
457899.342670 6787967.538956 -1883.748291 3 6
457949.342670 6787967.538956 -1915.708984 4 6
457999.342670 6787967.538956 -1949.616455 5 6
458049.342670 6787967.538956 -1973.448608 6 6
458099.342670 6787967.538956 -1995.002075 7 6
458149.342670 6787967.538956 -2016.101563 8 6
458199.342670 6787967.538956 -2041.089600 9 6
457949.342670 6788017.538956 -1905.969482 4 7
457999.342670 6788017.538956 -1951.590454 5 7
458049.342670 6788017.538956 -1980.038452 6 7
458099.342670 6788017.538956 -1999.497192 7 7
458149.342670 6788017.538956 -2019.960938 8 7
458199.342670 6788017.538956 -2044.144897 9 7
457949.342670 6788067.538956 -1944.770996 4 8
457999.342670 6788067.538956 -1971.523926 5 8
458049.342670 6788067.538956 -1992.399902 6 8
458099.342670 6788067.538956 -2012.382446 7 8
458149.342670 6788067.538956 -2035.512207 8 8
458199.342670 6788067.538956 -2056.289307 9 8
458249.342670 6788067.538956 -2075.342773 10 8
457949.342670 6788117.538956 -1961.112549 4 9
457999.342670 6788117.538956 -1979.893921 5 9
458049.342670 6788117.538956 -1995.949341 6 9
458099.342670 6788117.538956 -2015.553955 7 9
458149.342670 6788117.538956 -2037.545898 8 9
458199.342670 6788117.538956 -2056.154053 9 9
458249.342670 6788117.538956 -2071.955566 10 9
458299.342670 6788117.538956 -2084.760986 11 9
457949.342670 6788167.538956 -1951.185303 4 10
457999.342670 6788167.538956 -1972.042236 5 10
458049.342670 6788167.538956 -1989.465820 6 10
458099.342670 6788167.538956 -2007.990356 7 10
458149.342670 6788167.538956 -2027.644653 8 10
458199.342670 6788167.538956 -2045.529419 9 10
458249.342670 6788167.538956 -2061.146973 10 10
458299.342670 6788167.538956 -2074.437012 11 10
458349.342670 6788167.538956 -2086.209229 12 10
457949.342670 6788217.538956 -1933.260498 4 11
457999.342670 6788217.538956 -1954.948608 5 11
458049.342670 6788217.538956 -1973.840454 6 11
458099.342670 6788217.538956 -1992.617554 7 11
458149.342670 6788217.538956 -2011.503662 8 11
458199.342670 6788217.538956 -2029.509888 9 11
458249.342670 6788217.538956 -2046.090698 10 11
458299.342670 6788217.538956 -2060.911621 11 11
458349.342670 6788217.538956 -2073.923828 12 11
458399.342670 6788217.538956 -2084.771729 13 11
457999.342670 6788267.538956 -1934.073486 5 12
458049.342670 6788267.538956 -1953.691162 6 12
458099.342670 6788267.538956 -1973.132324 7 12
458149.342670 6788267.538956 -1992.525757 8 12
458199.342670 6788267.538956 -2011.506958 9 12
458249.342670 6788267.538956 -2029.629395 10 12
458299.342670 6788267.538956 -2046.418335 11 12
458349.342670 6788267.538956 -2061.323486 12 12
458399.342670 6788267.538956 -2073.578613 13 12
458449.342670 6788267.538956 -2082.810791 14 12
457999.342670 6788317.538956 -1911.205688 5 13
458049.342670 6788317.538956 -1931.411621 6 13
458099.342670 6788317.538956 -1952.136841 7 13
458149.342670 6788317.538956 -1972.932617 8 13
458199.342670 6788317.538956 -1993.519653 9 13
458249.342670 6788317.538956 -2013.616455 10 13
458299.342670 6788317.538956 -2032.713379 11 13
458349.342670 6788317.538956 -2049.965088 12 13
458399.342670 6788317.538956 -2064.007813 13 13
458449.342670 6788317.538956 -2073.708740 14 13
457999.342670 6788367.538956 -1888.309204 5 14
458049.342670 6788367.538956 -1909.282471 6 14
458099.342670 6788367.538956 -1931.976929 7 14
458149.342670 6788367.538956 -1954.648682 8 14
458199.342670 6788367.538956 -1977.067383 9 14
458249.342670 6788367.538956 -1999.220947 10 14
458299.342670 6788367.538956 -2020.834839 11 14
458349.342670 6788367.538956 -2040.846558 12 14
458399.342670 6788367.538956 -2057.125977 13 14
458449.342670 6788367.538956 -2066.537354 14 14
458499.342670 6788367.538956 -2072.339844 15 14
457999.342670 6788417.538956 -1867.419434 5 15
458049.342670 6788417.538956 -1889.511475 6 15
458099.342670 6788417.538956 -1914.929443 7 15
458149.342670 6788417.538956 -1939.317261 8 15
458199.342670 6788417.538956 -1963.194458 9 15
458249.342670 6788417.538956 -1986.938232 10 15
458299.342670 6788417.538956 -2010.839233 11 15
458349.342670 6788417.538956 -2034.002686 12 15
458399.342670 6788417.538956 -2053.634521 13 15
458449.342670 6788417.538956 -2061.339111 14 15
458499.342670 6788417.538956 -2065.379883 15 15
458549.342670 6788417.538956 -2069.717285 16 15
458049.342670 6788467.538956 -1873.046631 6 16
458099.342670 6788467.538956 -1901.077881 7 16
458149.342670 6788467.538956 -1926.112427 8 16
458199.342670 6788467.538956 -1950.794434 9 16
458249.342670 6788467.538956 -1975.390625 10 16
458299.342670 6788467.538956 -2000.668213 11 16
458349.342670 6788467.538956 -2026.380005 12 16
458399.342670 6788467.538956 -2051.746582 13 16
458449.342670 6788467.538956 -2056.680664 14 16
458499.342670 6788467.538956 -2060.370605 15 16
458549.342670 6788467.538956 -2064.695068 16 16
458049.342670 6788517.538956 -1861.693726 6 17
458099.342670 6788517.538956 -1886.798706 7 17
458149.342670 6788517.538956 -1912.123291 8 17
458199.342670 6788517.538956 -1937.785156 9 17
458249.342670 6788517.538956 -1963.435913 10 17
458299.342670 6788517.538956 -1988.690063 11 17
458349.342670 6788517.538956 -2013.541504 12 17
458399.342670 6788517.538956 -2038.348022 13 17
458449.342670 6788517.538956 -2049.559082 14 17
458499.342670 6788517.538956 -2059.889160 15 17
458549.342670 6788517.538956 -2069.544189 16 17
457999.342670 6788567.538956 -1838.968262 5 18
458049.342670 6788567.538956 -1856.057007 6 18
458099.342670 6788567.538956 -1880.755005 7 18
458149.342670 6788567.538956 -1905.820801 8 18
458199.342670 6788567.538956 -1931.206909 9 18
458249.342670 6788567.538956 -1956.871826 10 18
458299.342670 6788567.538956 -1981.278809 11 18
458349.342670 6788567.538956 -2003.592773 12 18
458399.342670 6788567.538956 -2025.164185 13 18
458449.342670 6788567.538956 -2043.631958 14 18
458499.342670 6788567.538956 -2060.992432 15 18
458549.342670 6788567.538956 -2079.183350 16 18
458599.342670 6788567.538956 -2088.312012 17 18
457999.342670 6788617.538956 -1846.213257 5 19
458049.342670 6788617.538956 -1862.788574 6 19
458099.342670 6788617.538956 -1888.441406 7 19
458149.342670 6788617.538956 -1912.500977 8 19
458199.342670 6788617.538956 -1936.604248 9 19
458249.342670 6788617.538956 -1960.729858 10 19
458299.342670 6788617.538956 -1982.109497 11 19
458349.342670 6788617.538956 -2001.386963 12 19
458399.342670 6788617.538956 -2020.872314 13 19
458449.342670 6788617.538956 -2041.742798 14 19
458499.342670 6788617.538956 -2063.423340 15 19
458549.342670 6788617.538956 -2086.302734 16 19
458599.342670 6788617.538956 -2095.290527 17 19
457999.342670 6788667.538956 -1887.761963 5 20
458049.342670 6788667.538956 -1907.209961 6 20
458099.342670 6788667.538956 -1927.803223 7 20
458149.342670 6788667.538956 -1947.825684 8 20
458199.342670 6788667.538956 -1967.796753 9 20
458249.342670 6788667.538956 -1988.345581 10 20
458299.342670 6788667.538956 -2005.009155 11 20
458349.342670 6788667.538956 -2020.359985 12 20
458399.342670 6788667.538956 -2035.430664 13 20
458449.342670 6788667.538956 -2050.489746 14 20
458499.342670 6788667.538956 -2066.090332 15 20
458549.342670 6788667.538956 -2082.540039 16 20
458599.342670 6788667.538956 -2091.457764 17 20
457999.342670 6788717.538956 -1897.696777 5 21
458049.342670 6788717.538956 -1916.753174 6 21
458099.342670 6788717.538956 -1936.477905 7 21
458149.342670 6788717.538956 -1956.388672 8 21
458199.342670 6788717.538956 -1976.304688 9 21
458249.342670 6788717.538956 -1996.375244 10 21
458299.342670 6788717.538956 -2010.369873 11 21
458349.342670 6788717.538956 -2022.912231 12 21
458399.342670 6788717.538956 -2035.484253 13 21
458449.342670 6788717.538956 -2048.331543 14 21
458499.342670 6788717.538956 -2061.586670 15 21
458549.342670 6788717.538956 -2075.325195 16 21
457999.342670 6788767.538956 -1868.971680 5 22
458049.342670 6788767.538956 -1887.128174 6 22
458099.342670 6788767.538956 -1910.359009 7 22
458149.342670 6788767.538956 -1934.747803 8 22
458199.342670 6788767.538956 -1959.568726 9 22
458249.342670 6788767.538956 -1983.028931 10 22
458299.342670 6788767.538956 -1995.703735 11 22
458349.342670 6788767.538956 -2007.861694 12 22
458399.342670 6788767.538956 -2020.546143 13 22
458449.342670 6788767.538956 -2036.180176 14 22
458499.342670 6788767.538956 -2051.848145 15 22
458549.342670 6788767.538956 -2067.026367 16 22
457949.342670 6788817.538956 -1873.510010 4 23
457999.342670 6788817.538956 -1884.548340 5 23
458049.342670 6788817.538956 -1906.112549 6 23
458099.342670 6788817.538956 -1926.824219 7 23
458149.342670 6788817.538956 -1945.793091 8 23
458199.342670 6788817.538956 -1964.344482 9 23
458249.342670 6788817.538956 -1982.027710 10 23
458299.342670 6788817.538956 -1994.281128 11 23
458349.342670 6788817.538956 -2007.052246 12 23
458399.342670 6788817.538956 -2020.314331 13 23
458449.342670 6788817.538956 -2034.640747 14 23
458499.342670 6788817.538956 -2048.536377 15 23
458549.342670 6788817.538956 -2062.063965 16 23
457949.342670 6788867.538956 -1888.456665 4 24
457999.342670 6788867.538956 -1907.684570 5 24
458049.342670 6788867.538956 -1928.250244 6 24
458099.342670 6788867.538956 -1946.645508 7 24
458149.342670 6788867.538956 -1957.846191 8 24
458199.342670 6788867.538956 -1969.951172 9 24
458249.342670 6788867.538956 -1980.487549 10 24
458299.342670 6788867.538956 -1993.349121 11 24
458349.342670 6788867.538956 -2009.228027 12 24
458399.342670 6788867.538956 -2024.237549 13 24
458449.342670 6788867.538956 -2037.321411 14 24
458499.342670 6788867.538956 -2050.742676 15 24
458549.342670 6788867.538956 -2062.136475 16 24
458599.342670 6788867.538956 -2073.063721 17 24
457949.342670 6788917.538956 -1893.156372 4 25
457999.342670 6788917.538956 -1916.822998 5 25
458049.342670 6788917.538956 -1940.598999 6 25
458099.342670 6788917.538956 -1960.024170 7 25
458149.342670 6788917.538956 -1966.770752 8 25
458199.342670 6788917.538956 -1974.373169 9 25
458249.342670 6788917.538956 -1981.722412 10 25
458299.342670 6788917.538956 -1995.647583 11 25
458349.342670 6788917.538956 -2013.779175 12 25
458399.342670 6788917.538956 -2031.181641 13 25
458449.342670 6788917.538956 -2044.656128 14 25
458499.342670 6788917.538956 -2058.164551 15 25
458549.342670 6788917.538956 -2069.621338 16 25
458599.342670 6788917.538956 -2080.524658 17 25
458649.342670 6788917.538956 -2092.173828 18 25
457949.342670 6788967.538956 -1875.346069 4 26
457999.342670 6788967.538956 -1884.145996 5 26
458049.342670 6788967.538956 -1905.653198 6 26
458099.342670 6788967.538956 -1926.478027 7 26
458149.342670 6788967.538956 -1943.342896 8 26
458199.342670 6788967.538956 -1960.081055 9 26
458249.342670 6788967.538956 -1977.311523 10 26
458299.342670 6788967.538956 -1996.478516 11 26
458349.342670 6788967.538956 -2016.100586 12 26
458399.342670 6788967.538956 -2035.732788 13 26
458449.342670 6788967.538956 -2054.263672 14 26
458499.342670 6788967.538956 -2071.931641 15 26
458549.342670 6788967.538956 -2088.904785 16 26
458599.342670 6788967.538956 -2106.747070 17 26
458649.342670 6788967.538956 -2125.137207 18 26
457999.342670 6789017.538956 -1875.071533 5 27
458049.342670 6789017.538956 -1894.605225 6 27
458099.342670 6789017.538956 -1914.728149 7 27
458149.342670 6789017.538956 -1935.236938 8 27
458199.342670 6789017.538956 -1956.080200 9 27
458249.342670 6789017.538956 -1976.827515 10 27
458299.342670 6789017.538956 -1997.016235 11 27
458349.342670 6789017.538956 -2017.108643 12 27
458399.342670 6789017.538956 -2037.312622 13 27
458449.342670 6789017.538956 -2058.107910 14 27
458499.342670 6789017.538956 -2079.804443 15 27
458549.342670 6789017.538956 -2102.142334 16 27
458599.342670 6789017.538956 -2124.172607 17 27
457999.342670 6789067.538956 -1885.771973 5 28
458049.342670 6789067.538956 -1898.781616 6 28
458099.342670 6789067.538956 -1914.879028 7 28
458149.342670 6789067.538956 -1932.105225 8 28
458199.342670 6789067.538956 -1947.877563 9 28
458249.342670 6789067.538956 -1962.505127 10 28
458299.342670 6789067.538956 -1979.150635 11 28
458349.342670 6789067.538956 -1996.897949 12 28
458399.342670 6789067.538956 -2016.917480 13 28
458449.342670 6789067.538956 -2039.277100 14 28
458499.342670 6789067.538956 -2060.060059 15 28
458549.342670 6789067.538956 -2099.591064 16 28
458599.342670 6789067.538956 -2127.505371 17 28
457999.342670 6789117.538956 -1894.542603 5 29
458049.342670 6789117.538956 -1921.840942 6 29
458099.342670 6789117.538956 -1941.478149 7 29
458149.342670 6789117.538956 -1961.727417 8 29
458199.342670 6789117.538956 -1984.816528 9 29
458249.342670 6789117.538956 -2010.031616 10 29
458299.342670 6789117.538956 -2031.002808 11 29
458349.342670 6789117.538956 -2051.687012 12 29
458399.342670 6789117.538956 -2073.045166 13 29
458449.342670 6789117.538956 -2092.617676 14 29
458499.342670 6789117.538956 -2115.250732 15 29
458549.342670 6789117.538956 -2119.492920 16 29
457999.342670 6789167.538956 -1889.457642 5 30
458049.342670 6789167.538956 -1914.722778 6 30
458099.342670 6789167.538956 -1935.730347 7 30
458149.342670 6789167.538956 -1955.594482 8 30
458199.342670 6789167.538956 -1977.322754 9 30
458249.342670 6789167.538956 -2000.324463 10 30
458299.342670 6789167.538956 -2020.840454 11 30
458349.342670 6789167.538956 -2040.822754 12 30
458399.342670 6789167.538956 -2060.437744 13 30
458449.342670 6789167.538956 -2080.572754 14 30
458499.342670 6789167.538956 -2096.834717 15 30
458549.342670 6789167.538956 -2109.374268 16 30
457949.342670 6789217.538956 -1857.874390 4 31
457999.342670 6789217.538956 -1876.253540 5 31
458049.342670 6789217.538956 -1895.277100 6 31
458099.342670 6789217.538956 -1915.162109 7 31
458149.342670 6789217.538956 -1935.426636 8 31
458199.342670 6789217.538956 -1954.951294 9 31
458249.342670 6789217.538956 -1973.662598 10 31
458299.342670 6789217.538956 -1993.219482 11 31
458349.342670 6789217.538956 -2013.152222 12 31
458399.342670 6789217.538956 -2033.192139 13 31
458449.342670 6789217.538956 -2052.394287 14 31
458499.342670 6789217.538956 -2074.340820 15 31
457949.342670 6789267.538956 -1883.625732 4 32
457999.342670 6789267.538956 -1902.700806 5 32
458049.342670 6789267.538956 -1922.677490 6 32
458099.342670 6789267.538956 -1943.363525 7 32
458149.342670 6789267.538956 -1963.731812 8 32
458199.342670 6789267.538956 -1983.546753 9 32
458249.342670 6789267.538956 -2002.985718 10 32
458299.342670 6789267.538956 -2023.011841 11 32
458349.342670 6789267.538956 -2043.500977 12 32
458399.342670 6789267.538956 -2063.000977 13 32
458449.342670 6789267.538956 -2077.272461 14 32
458499.342670 6789267.538956 -2092.482910 15 32
457949.342670 6789317.538956 -1906.828003 4 33
457999.342670 6789317.538956 -1930.475952 5 33
458049.342670 6789317.538956 -1954.157227 6 33
458099.342670 6789317.538956 -1977.911987 7 33
458149.342670 6789317.538956 -2000.254395 8 33
458199.342670 6789317.538956 -2022.587891 9 33
458249.342670 6789317.538956 -2044.991577 10 33
458299.342670 6789317.538956 -2067.480957 11 33
458349.342670 6789317.538956 -2089.873291 12 33
458399.342670 6789317.538956 -2109.930908 13 33
458449.342670 6789317.538956 -2114.004883 14 33
458499.342670 6789317.538956 -2120.167969 15 33
457949.342670 6789367.538956 -1894.704468 4 34
457999.342670 6789367.538956 -1921.779785 5 34
458049.342670 6789367.538956 -1949.451782 6 34
458099.342670 6789367.538956 -1977.045654 7 34
458149.342670 6789367.538956 -2003.776245 8 34
458199.342670 6789367.538956 -2030.974243 9 34
458249.342670 6789367.538956 -2058.651123 10 34
458299.342670 6789367.538956 -2086.683594 11 34
458349.342670 6789367.538956 -2112.717285 12 34
458399.342670 6789367.538956 -2133.990234 13 34
458449.342670 6789367.538956 -2138.459717 14 34
457949.342670 6789417.538956 -1860.919312 4 35
457999.342670 6789417.538956 -1895.340332 5 35
458049.342670 6789417.538956 -1927.823608 6 35
458099.342670 6789417.538956 -1959.673340 7 35
458149.342670 6789417.538956 -1991.122437 8 35
458199.342670 6789417.538956 -2022.838623 9 35
458249.342670 6789417.538956 -2056.122559 10 35
458299.342670 6789417.538956 -2089.844482 11 35
458349.342670 6789417.538956 -2123.196533 12 35
458399.342670 6789417.538956 -2152.759521 13 35
458449.342670 6789417.538956 -2149.104736 14 35
457949.342670 6789467.538956 -1845.492310 4 36
457999.342670 6789467.538956 -1874.765503 5 36
458049.342670 6789467.538956 -1904.510498 6 36
458099.342670 6789467.538956 -1937.050903 7 36
458149.342670 6789467.538956 -1971.342285 8 36
458199.342670 6789467.538956 -2002.080444 9 36
458249.342670 6789467.538956 -2030.672974 10 36
458299.342670 6789467.538956 -2059.341797 11 36
458349.342670 6789467.538956 -2092.710693 12 36
458399.342670 6789467.538956 -2127.395264 13 36
458449.342670 6789467.538956 -2129.447510 14 36
457999.342670 6789517.538956 -1855.925903 5 37
458049.342670 6789517.538956 -1874.116089 6 37
458099.342670 6789517.538956 -1909.167114 7 37
458149.342670 6789517.538956 -1947.884888 8 37
458199.342670 6789517.538956 -1970.905396 9 37
458249.342670 6789517.538956 -1988.618530 10 37
458299.342670 6789517.538956 -2006.250854 11 37
458349.342670 6789517.538956 -2027.981079 12 37
458399.342670 6789517.538956 -2066.897217 13 37
458449.342670 6789517.538956 -2089.677002 14 37
457999.342670 6789567.538956 -1852.314209 5 38
458049.342670 6789567.538956 -1870.511108 6 38
458099.342670 6789567.538956 -1900.278931 7 38
458149.342670 6789567.538956 -1933.327637 8 38
458199.342670 6789567.538956 -1954.866821 9 38
458249.342670 6789567.538956 -1974.950317 10 38
458299.342670 6789567.538956 -1995.354248 11 38
