# Type: scattered data
# Version: 6
# Description: No description
# Format: free
# Field: 1 x
# Field: 2 y
# Field: 3 z milliseconds
# Field: 4 column
# Field: 5 row
# Projection: Local Rectangular
# Units: meters
# End:
# Information from grid:
# Grid_size: 22 x 41
# Grid_space: 456583.638080,457633.638080,6782346.109269,6784346.109269
# Scattered data: Not_available
# Z_field: z
# Vertical_faults: Not_available
# History: No history
# Z_units: milliseconds
456783.638080 6782396.109269 -1707.067017 5 2
456833.638080 6782396.109269 -1748.208008 6 2
456883.638080 6782396.109269 -1792.795044 7 2
456933.638080 6782396.109269 -1825.438110 8 2
456983.638080 6782396.109269 -1850.099976 9 2
457033.638080 6782396.109269 -1869.771118 10 2
457083.638080 6782396.109269 -1885.350464 11 2
457133.638080 6782396.109269 -1900.160156 12 2
457183.638080 6782396.109269 -1915.418945 13 2
456733.638080 6782446.109269 -1689.059937 4 3
456783.638080 6782446.109269 -1713.644409 5 3
456833.638080 6782446.109269 -1756.859985 6 3
456883.638080 6782446.109269 -1802.595215 7 3
456933.638080 6782446.109269 -1828.934692 8 3
456983.638080 6782446.109269 -1849.276611 9 3
457033.638080 6782446.109269 -1867.480591 10 3
457083.638080 6782446.109269 -1881.265625 11 3
457133.638080 6782446.109269 -1895.434448 12 3
457183.638080 6782446.109269 -1912.538452 13 3
456683.638080 6782496.109269 -1690.504150 3 4
456733.638080 6782496.109269 -1710.698486 4 4
456783.638080 6782496.109269 -1737.136475 5 4
456833.638080 6782496.109269 -1774.819946 6 4
456883.638080 6782496.109269 -1804.506958 7 4
456933.638080 6782496.109269 -1826.352661 8 4
456983.638080 6782496.109269 -1845.297241 9 4
457033.638080 6782496.109269 -1864.046631 10 4
457083.638080 6782496.109269 -1879.507324 11 4
457133.638080 6782496.109269 -1893.996826 12 4
456633.638080 6782546.109269 -1687.621460 2 5
456683.638080 6782546.109269 -1706.181519 3 5
456733.638080 6782546.109269 -1735.724976 4 5
456783.638080 6782546.109269 -1781.096191 5 5
456833.638080 6782546.109269 -1794.342651 6 5
456883.638080 6782546.109269 -1808.138306 7 5
456933.638080 6782546.109269 -1821.985229 8 5
456983.638080 6782546.109269 -1837.059082 9 5
457033.638080 6782546.109269 -1858.083862 10 5
457083.638080 6782546.109269 -1876.407227 11 5
456633.638080 6782596.109269 -1699.599976 2 6
456683.638080 6782596.109269 -1716.601196 3 6
456733.638080 6782596.109269 -1745.335449 4 6
456783.638080 6782596.109269 -1788.930786 5 6
456833.638080 6782596.109269 -1799.852661 6 6
456883.638080 6782596.109269 -1812.646240 7 6
456933.638080 6782596.109269 -1827.317749 8 6
456983.638080 6782596.109269 -1841.848877 9 6
457033.638080 6782596.109269 -1859.335815 10 6
456633.638080 6782646.109269 -1711.656372 2 7
456683.638080 6782646.109269 -1732.401855 3 7
456733.638080 6782646.109269 -1754.939453 4 7
456783.638080 6782646.109269 -1774.610229 5 7
456833.638080 6782646.109269 -1795.581421 6 7
456883.638080 6782646.109269 -1817.516235 7 7
456933.638080 6782646.109269 -1839.690186 8 7
456983.638080 6782646.109269 -1854.095703 9 7
456633.638080 6782696.109269 -1713.030884 2 8
456683.638080 6782696.109269 -1730.308105 3 8
456733.638080 6782696.109269 -1751.822998 4 8
456783.638080 6782696.109269 -1794.944092 5 8
456833.638080 6782696.109269 -1826.721436 6 8
456883.638080 6782696.109269 -1843.089966 7 8
456933.638080 6782696.109269 -1860.703491 8 8
456983.638080 6782696.109269 -1869.502808 9 8
456633.638080 6782746.109269 -1706.790771 2 9
456683.638080 6782746.109269 -1716.031738 3 9
456733.638080 6782746.109269 -1748.297119 4 9
456783.638080 6782746.109269 -1801.936890 5 9
456833.638080 6782746.109269 -1843.864502 6 9
456883.638080 6782746.109269 -1856.598877 7 9
456933.638080 6782746.109269 -1871.395020 8 9
456983.638080 6782746.109269 -1874.815308 9 9
456633.638080 6782796.109269 -1704.241821 2 10
456683.638080 6782796.109269 -1708.884399 3 10
456733.638080 6782796.109269 -1737.143677 4 10
456783.638080 6782796.109269 -1777.817749 5 10
456833.638080 6782796.109269 -1817.763672 6 10
456883.638080 6782796.109269 -1838.787231 7 10
456933.638080 6782796.109269 -1855.788696 8 10
456983.638080 6782796.109269 -1864.468872 9 10
456633.638080 6782846.109269 -1702.963867 2 11
456683.638080 6782846.109269 -1699.247070 3 11
456733.638080 6782846.109269 -1703.264526 4 11
456783.638080 6782846.109269 -1742.339844 5 11
456833.638080 6782846.109269 -1790.186768 6 11
456883.638080 6782846.109269 -1813.272217 7 11
456933.638080 6782846.109269 -1830.499390 8 11
456983.638080 6782846.109269 -1848.017212 9 11
456633.638080 6782896.109269 -1710.278931 2 12
456683.638080 6782896.109269 -1705.992310 3 12
456733.638080 6782896.109269 -1705.568359 4 12
456783.638080 6782896.109269 -1739.462891 5 12
456833.638080 6782896.109269 -1783.212036 6 12
456883.638080 6782896.109269 -1805.749390 7 12
456933.638080 6782896.109269 -1824.474487 8 12
456983.638080 6782896.109269 -1844.577881 9 12
456683.638080 6782946.109269 -1731.061279 3 13
456733.638080 6782946.109269 -1740.040771 4 13
456783.638080 6782946.109269 -1763.109619 5 13
456833.638080 6782946.109269 -1787.332520 6 13
456883.638080 6782946.109269 -1810.357544 7 13
456933.638080 6782946.109269 -1832.165894 8 13
456983.638080 6782946.109269 -1854.404663 9 13
457033.638080 6782946.109269 -1871.032715 10 13
456733.638080 6782996.109269 -1773.572144 4 14
456783.638080 6782996.109269 -1795.464478 5 14
456833.638080 6782996.109269 -1815.686523 6 14
456883.638080 6782996.109269 -1833.311401 7 14
456933.638080 6782996.109269 -1852.673950 8 14
456983.638080 6782996.109269 -1868.238403 9 14
457033.638080 6782996.109269 -1875.188721 10 14
456783.638080 6783046.109269 -1826.260132 5 15
456833.638080 6783046.109269 -1840.558105 6 15
456883.638080 6783046.109269 -1854.245361 7 15
456933.638080 6783046.109269 -1868.766479 8 15
456983.638080 6783046.109269 -1876.973877 9 15
457033.638080 6783046.109269 -1875.252197 10 15
456833.638080 6783096.109269 -1842.755005 6 16
456883.638080 6783096.109269 -1853.390137 7 16
456933.638080 6783096.109269 -1861.006714 8 16
456983.638080 6783096.109269 -1863.882935 9 16
457033.638080 6783096.109269 -1862.309814 10 16
456833.638080 6783146.109269 -1832.665527 6 17
456883.638080 6783146.109269 -1839.700806 7 17
456933.638080 6783146.109269 -1843.229004 8 17
456983.638080 6783146.109269 -1843.462036 9 17
457033.638080 6783146.109269 -1842.056274 10 17
457083.638080 6783146.109269 -1841.850952 11 17
457133.638080 6783146.109269 -1845.730713 12 17
456833.638080 6783196.109269 -1817.563843 6 18
456883.638080 6783196.109269 -1821.788208 7 18
456933.638080 6783196.109269 -1822.460083 8 18
456983.638080 6783196.109269 -1820.500977 9 18
457033.638080 6783196.109269 -1818.355835 10 18
457083.638080 6783196.109269 -1819.515015 11 18
457133.638080 6783196.109269 -1826.005859 12 18
457183.638080 6783196.109269 -1836.208862 13 18
457233.638080 6783196.109269 -1847.934570 14 18
456883.638080 6783246.109269 -1803.533081 7 19
456933.638080 6783246.109269 -1802.142578 8 19
456983.638080 6783246.109269 -1798.192749 9 19
457033.638080 6783246.109269 -1794.658203 10 19
457083.638080 6783246.109269 -1796.518188 11 19
457133.638080 6783246.109269 -1806.283325 12 19
457183.638080 6783246.109269 -1820.154785 13 19
457233.638080 6783246.109269 -1834.795654 14 19
457283.638080 6783246.109269 -1848.083252 15 19
456983.638080 6783296.109269 -1777.502197 9 20
457033.638080 6783296.109269 -1772.773926 10 20
457083.638080 6783296.109269 -1775.575073 11 20
457133.638080 6783296.109269 -1789.437622 12 20
457183.638080 6783296.109269 -1807.310913 13 20
457233.638080 6783296.109269 -1824.945801 14 20
457283.638080 6783296.109269 -1839.578003 15 20
457333.638080 6783296.109269 -1851.786743 16 20
457083.638080 6783346.109269 -1759.767700 11 21
457133.638080 6783346.109269 -1779.928467 12 21
457183.638080 6783346.109269 -1800.532104 13 21
457233.638080 6783346.109269 -1820.558350 14 21
457283.638080 6783346.109269 -1836.190674 15 21
457333.638080 6783346.109269 -1849.022095 16 21
457383.638080 6783346.109269 -1862.087402 17 21
457133.638080 6783396.109269 -1782.386719 12 22
457183.638080 6783396.109269 -1800.948853 13 22
457233.638080 6783396.109269 -1819.876831 14 22
457283.638080 6783396.109269 -1836.083984 15 22
457333.638080 6783396.109269 -1850.295654 16 22
457383.638080 6783396.109269 -1865.688843 17 22
457433.638080 6783396.109269 -1876.643188 18 22
457133.638080 6783446.109269 -1784.532227 12 23
457183.638080 6783446.109269 -1803.465820 13 23
457233.638080 6783446.109269 -1820.448242 14 23
457283.638080 6783446.109269 -1837.562256 15 23
457333.638080 6783446.109269 -1852.711060 16 23
457383.638080 6783446.109269 -1862.234009 17 23
457433.638080 6783446.109269 -1871.508301 18 23
457483.638080 6783446.109269 -1879.218628 19 23
457133.638080 6783496.109269 -1767.389282 12 24
457183.638080 6783496.109269 -1780.834229 13 24
457233.638080 6783496.109269 -1798.203857 14 24
457283.638080 6783496.109269 -1817.415161 15 24
457333.638080 6783496.109269 -1834.567627 16 24
457383.638080 6783496.109269 -1843.855103 17 24
457433.638080 6783496.109269 -1854.756226 18 24
457483.638080 6783496.109269 -1864.950439 19 24
457533.638080 6783496.109269 -1879.361572 20 24
457583.638080 6783496.109269 -1896.642456 21 24
457183.638080 6783546.109269 -1737.306152 13 25
457233.638080 6783546.109269 -1759.527100 14 25
457283.638080 6783546.109269 -1781.799561 15 25
457333.638080 6783546.109269 -1803.721802 16 25
457383.638080 6783546.109269 -1819.605957 17 25
457433.638080 6783546.109269 -1835.600464 18 25
457483.638080 6783546.109269 -1851.379639 19 25
457533.638080 6783546.109269 -1869.192383 20 25
457583.638080 6783546.109269 -1890.701050 21 25
457183.638080 6783596.109269 -1708.289795 13 26
457233.638080 6783596.109269 -1736.986938 14 26
457283.638080 6783596.109269 -1769.436279 15 26
457333.638080 6783596.109269 -1800.460938 16 26
457383.638080 6783596.109269 -1816.953125 17 26
457433.638080 6783596.109269 -1834.460938 18 26
457483.638080 6783596.109269 -1851.686157 19 26
457533.638080 6783596.109269 -1869.512573 20 26
457583.638080 6783596.109269 -1891.434448 21 26
457233.638080 6783646.109269 -1740.672241 14 27
457283.638080 6783646.109269 -1775.673340 15 27
457333.638080 6783646.109269 -1809.388428 16 27
457383.638080 6783646.109269 -1826.007446 17 27
457433.638080 6783646.109269 -1842.404419 18 27
457483.638080 6783646.109269 -1858.655151 19 27
457533.638080 6783646.109269 -1875.393799 20 27
457583.638080 6783646.109269 -1897.408936 21 27
457183.638080 6783696.109269 -1755.476074 13 28
457233.638080 6783696.109269 -1780.222900 14 28
457283.638080 6783696.109269 -1804.855835 15 28
457333.638080 6783696.109269 -1829.103271 16 28
457383.638080 6783696.109269 -1843.255127 17 28
457433.638080 6783696.109269 -1855.692139 18 28
457483.638080 6783696.109269 -1869.457397 19 28
457533.638080 6783696.109269 -1886.421021 20 28
457583.638080 6783696.109269 -1907.115356 21 28
457133.638080 6783746.109269 -1783.701782 12 29
457183.638080 6783746.109269 -1807.383179 13 29
457233.638080 6783746.109269 -1829.266357 14 29
457283.638080 6783746.109269 -1840.621582 15 29
457333.638080 6783746.109269 -1852.332886 16 29
457383.638080 6783746.109269 -1858.526245 17 29
457433.638080 6783746.109269 -1866.485718 18 29
457483.638080 6783746.109269 -1878.153687 19 29
457533.638080 6783746.109269 -1895.396484 20 29
457583.638080 6783746.109269 -1916.050537 21 29
457133.638080 6783796.109269 -1788.960693 12 30
457183.638080 6783796.109269 -1814.798706 13 30
457233.638080 6783796.109269 -1834.872559 14 30
457283.638080 6783796.109269 -1843.586426 15 30
457333.638080 6783796.109269 -1850.692749 16 30
457383.638080 6783796.109269 -1858.194092 17 30
457433.638080 6783796.109269 -1866.812256 18 30
457483.638080 6783796.109269 -1879.041016 19 30
457533.638080 6783796.109269 -1899.224121 20 30
457583.638080 6783796.109269 -1921.444824 21 30
457133.638080 6783846.109269 -1767.541748 12 31
457183.638080 6783846.109269 -1783.926636 13 31
457233.638080 6783846.109269 -1799.729370 14 31
457283.638080 6783846.109269 -1814.812500 15 31
457333.638080 6783846.109269 -1827.993896 16 31
457383.638080 6783846.109269 -1841.366089 17 31
457433.638080 6783846.109269 -1854.894287 18 31
457483.638080 6783846.109269 -1870.661987 19 31
457533.638080 6783846.109269 -1895.863403 20 31
457083.638080 6783896.109269 -1733.247803 11 32
457133.638080 6783896.109269 -1737.162842 12 32
457183.638080 6783896.109269 -1736.901855 13 32
457233.638080 6783896.109269 -1753.138184 14 32
457283.638080 6783896.109269 -1770.248413 15 32
457333.638080 6783896.109269 -1782.779053 16 32
457383.638080 6783896.109269 -1801.864624 17 32
457433.638080 6783896.109269 -1820.841797 18 32
457483.638080 6783896.109269 -1840.398193 19 32
457533.638080 6783896.109269 -1871.002319 20 32
457033.638080 6783946.109269 -1712.279541 10 33
457083.638080 6783946.109269 -1715.506836 11 33
457133.638080 6783946.109269 -1711.035522 12 33
457183.638080 6783946.109269 -1714.050415 13 33
457233.638080 6783946.109269 -1735.131226 14 33
457283.638080 6783946.109269 -1754.437866 15 33
457333.638080 6783946.109269 -1773.387085 16 33
457383.638080 6783946.109269 -1792.106812 17 33
457433.638080 6783946.109269 -1810.772461 18 33
457483.638080 6783946.109269 -1830.266846 19 33
457033.638080 6783996.109269 -1706.320923 10 34
457083.638080 6783996.109269 -1718.279175 11 34
457133.638080 6783996.109269 -1729.045044 12 34
457183.638080 6783996.109269 -1740.054810 13 34
457233.638080 6783996.109269 -1762.265503 14 34
457283.638080 6783996.109269 -1784.512451 15 34
457333.638080 6783996.109269 -1808.583618 16 34
457383.638080 6783996.109269 -1818.659302 17 34
457433.638080 6783996.109269 -1828.243530 18 34
457483.638080 6783996.109269 -1841.943848 19 34
456983.638080 6784046.109269 -1706.407227 9 35
457033.638080 6784046.109269 -1708.129517 10 35
457083.638080 6784046.109269 -1733.436646 11 35
457133.638080 6784046.109269 -1758.537231 12 35
457183.638080 6784046.109269 -1783.900513 13 35
457233.638080 6784046.109269 -1807.028198 14 35
457283.638080 6784046.109269 -1824.515137 15 35
457333.638080 6784046.109269 -1842.005127 16 35
457383.638080 6784046.109269 -1847.325073 17 35
457433.638080 6784046.109269 -1849.960693 18 35
457483.638080 6784046.109269 -1858.584839 19 35
456983.638080 6784096.109269 -1725.011353 9 36
457033.638080 6784096.109269 -1727.056030 10 36
457083.638080 6784096.109269 -1752.819702 11 36
457133.638080 6784096.109269 -1777.270996 12 36
457183.638080 6784096.109269 -1801.488159 13 36
457233.638080 6784096.109269 -1822.483521 14 36
457283.638080 6784096.109269 -1835.193726 15 36
457333.638080 6784096.109269 -1848.297852 16 36
457383.638080 6784096.109269 -1854.101074 17 36
457433.638080 6784096.109269 -1861.098389 18 36
457483.638080 6784096.109269 -1871.174316 19 36
456983.638080 6784146.109269 -1749.978271 9 37
457033.638080 6784146.109269 -1762.273560 10 37
457083.638080 6784146.109269 -1775.031372 11 37
457133.638080 6784146.109269 -1787.502808 12 37
457183.638080 6784146.109269 -1799.708618 13 37
457233.638080 6784146.109269 -1811.858521 14 37
457283.638080 6784146.109269 -1823.986084 15 37
457333.638080 6784146.109269 -1836.627319 16 37
457383.638080 6784146.109269 -1850.794434 17 37
457433.638080 6784146.109269 -1864.962036 18 37
457483.638080 6784146.109269 -1878.673706 19 37
456983.638080 6784196.109269 -1747.556030 9 38
457033.638080 6784196.109269 -1756.225708 10 38
457083.638080 6784196.109269 -1759.784180 11 38
457133.638080 6784196.109269 -1770.750000 12 38
457183.638080 6784196.109269 -1789.231201 13 38
457233.638080 6784196.109269 -1806.116455 14 38
457283.638080 6784196.109269 -1820.139893 15 38
457333.638080 6784196.109269 -1832.852051 16 38
457383.638080 6784196.109269 -1846.991333 17 38
457433.638080 6784196.109269 -1861.339355 18 38
457483.638080 6784196.109269 -1874.946655 19 38
457083.638080 6784246.109269 -1741.788696 11 39
457133.638080 6784246.109269 -1758.590698 12 39
457183.638080 6784246.109269 -1779.791138 13 39
457233.638080 6784246.109269 -1800.331543 14 39
457283.638080 6784246.109269 -1815.667236 15 39
457333.638080 6784246.109269 -1829.468872 16 39
457383.638080 6784246.109269 -1843.554688 17 39
457433.638080 6784246.109269 -1857.567749 18 39
457483.638080 6784246.109269 -1871.122192 19 39
457233.638080 6784296.109269 -1793.476318 14 40
457283.638080 6784296.109269 -1811.645264 15 40
457333.638080 6784296.109269 -1826.841431 16 40
457383.638080 6784296.109269 -1841.415283 17 40
457433.638080 6784296.109269 -1855.590332 18 40
