# Type: scattered data
# Version: 6
# Description: No description
# Format: free
# Field: 1 x
# Field: 2 y
# Field: 3 z milliseconds
# Field: 4 column
# Field: 5 row
# Projection: Local Rectangular
# Units: meters
# End:
# Information from grid:
# Grid_size: 23 x 20
# Grid_space: 453318.748920,454418.748920,6780786.098038,6781736.098038
# Scattered data: Not_available
# Z_field: z
# Vertical_faults: Not_available
# History: No history
# Z_units: milliseconds
453468.748920 6780836.098038 -1908.461304 4 2
453518.748920 6780836.098038 -1925.741333 5 2
453568.748920 6780836.098038 -1947.796143 6 2
453618.748920 6780836.098038 -1981.275391 7 2
453668.748920 6780836.098038 -2039.976440 8 2
453718.748920 6780836.098038 -2078.820068 9 2
453768.748920 6780836.098038 -2104.097168 10 2
453418.748920 6780886.098038 -1896.441040 3 3
453468.748920 6780886.098038 -1914.606689 4 3
453518.748920 6780886.098038 -1931.065552 5 3
453568.748920 6780886.098038 -1947.928711 6 3
453618.748920 6780886.098038 -1969.278198 7 3
453668.748920 6780886.098038 -2045.945923 8 3
453718.748920 6780886.098038 -2074.412842 9 3
453768.748920 6780886.098038 -2092.323486 10 3
453818.748920 6780886.098038 -2107.471924 11 3
453868.748920 6780886.098038 -2117.008057 12 3
453918.748920 6780886.098038 -2122.277588 13 3
453968.748920 6780886.098038 -2124.689209 14 3
454018.748920 6780886.098038 -2125.189209 15 3
454068.748920 6780886.098038 -2125.572266 16 3
454118.748920 6780886.098038 -2127.251221 17 3
454168.748920 6780886.098038 -2130.312256 18 3
453368.748920 6780936.098038 -1879.195313 2 4
453418.748920 6780936.098038 -1899.603027 3 4
453468.748920 6780936.098038 -1923.148071 4 4
453518.748920 6780936.098038 -1944.451660 5 4
453568.748920 6780936.098038 -1966.051392 6 4
453618.748920 6780936.098038 -1989.228638 7 4
453668.748920 6780936.098038 -2038.701172 8 4
453718.748920 6780936.098038 -2064.103760 9 4
453768.748920 6780936.098038 -2082.626465 10 4
453818.748920 6780936.098038 -2096.868652 11 4
453868.748920 6780936.098038 -2104.966064 12 4
453918.748920 6780936.098038 -2110.062744 13 4
453968.748920 6780936.098038 -2113.669922 14 4
454018.748920 6780936.098038 -2115.222656 15 4
454068.748920 6780936.098038 -2117.182373 16 4
454118.748920 6780936.098038 -2121.389160 17 4
454168.748920 6780936.098038 -2126.789307 18 4
454218.748920 6780936.098038 -2133.289063 19 4
453368.748920 6780986.098038 -1877.409302 2 5
453418.748920 6780986.098038 -1898.325439 3 5
453468.748920 6780986.098038 -1925.933105 4 5
453518.748920 6780986.098038 -1952.209106 5 5
453568.748920 6780986.098038 -1977.721313 6 5
453618.748920 6780986.098038 -2001.794434 7 5
453668.748920 6780986.098038 -2027.789429 8 5
453718.748920 6780986.098038 -2049.524414 9 5
453768.748920 6780986.098038 -2068.378662 10 5
453818.748920 6780986.098038 -2084.348145 11 5
453868.748920 6780986.098038 -2092.223633 12 5
453918.748920 6780986.098038 -2099.146973 13 5
453968.748920 6780986.098038 -2106.103516 14 5
454018.748920 6780986.098038 -2109.127686 15 5
454068.748920 6780986.098038 -2112.228760 16 5
454118.748920 6780986.098038 -2118.784912 17 5
454168.748920 6780986.098038 -2126.001221 18 5
454218.748920 6780986.098038 -2133.602051 19 5
454268.748920 6780986.098038 -2144.887939 20 5
453368.748920 6781036.098038 -1874.707031 2 6
453418.748920 6781036.098038 -1893.337280 3 6
453468.748920 6781036.098038 -1913.664551 4 6
453518.748920 6781036.098038 -1934.156616 5 6
453568.748920 6781036.098038 -1955.324585 6 6
453618.748920 6781036.098038 -1977.876587 7 6
453668.748920 6781036.098038 -2000.066772 8 6
453718.748920 6781036.098038 -2020.863159 9 6
453768.748920 6781036.098038 -2041.113770 10 6
453818.748920 6781036.098038 -2060.121582 11 6
453868.748920 6781036.098038 -2075.341553 12 6
453918.748920 6781036.098038 -2089.632324 13 6
453968.748920 6781036.098038 -2103.342773 14 6
454018.748920 6781036.098038 -2111.180420 15 6
454068.748920 6781036.098038 -2115.607666 16 6
454118.748920 6781036.098038 -2121.454834 17 6
454168.748920 6781036.098038 -2129.155273 18 6
454218.748920 6781036.098038 -2138.401855 19 6
454268.748920 6781036.098038 -2150.500244 20 6
453418.748920 6781086.098038 -1883.933716 3 7
453468.748920 6781086.098038 -1898.011841 4 7
453518.748920 6781086.098038 -1911.046875 5 7
453568.748920 6781086.098038 -1927.841919 6 7
453618.748920 6781086.098038 -1950.803833 7 7
453668.748920 6781086.098038 -1972.907471 8 7
453718.748920 6781086.098038 -1995.243042 9 7
453768.748920 6781086.098038 -2017.765381 10 7
453818.748920 6781086.098038 -2040.036987 11 7
453868.748920 6781086.098038 -2061.739746 12 7
453918.748920 6781086.098038 -2083.204346 13 7
453968.748920 6781086.098038 -2105.258545 14 7
454018.748920 6781086.098038 -2117.258545 15 7
454068.748920 6781086.098038 -2123.239502 16 7
454118.748920 6781086.098038 -2128.723633 17 7
454168.748920 6781086.098038 -2135.962402 18 7
454218.748920 6781086.098038 -2145.430664 19 7
454268.748920 6781086.098038 -2157.479492 20 7
453418.748920 6781136.098038 -1874.691650 3 8
453468.748920 6781136.098038 -1887.388916 4 8
453518.748920 6781136.098038 -1901.213623 5 8
453568.748920 6781136.098038 -1920.812134 6 8
453618.748920 6781136.098038 -1944.900146 7 8
453668.748920 6781136.098038 -1968.350952 8 8
453718.748920 6781136.098038 -1991.371338 9 8
453768.748920 6781136.098038 -2013.387939 10 8
453818.748920 6781136.098038 -2035.611328 11 8
453868.748920 6781136.098038 -2059.243408 12 8
453918.748920 6781136.098038 -2083.363281 13 8
453968.748920 6781136.098038 -2107.043701 14 8
454018.748920 6781136.098038 -2122.201904 15 8
454068.748920 6781136.098038 -2129.764893 16 8
454118.748920 6781136.098038 -2135.669922 17 8
454168.748920 6781136.098038 -2142.564453 18 8
454218.748920 6781136.098038 -2151.601074 19 8
454268.748920 6781136.098038 -2163.372314 20 8
453468.748920 6781186.098038 -1878.595825 4 9
453518.748920 6781186.098038 -1894.718506 5 9
453568.748920 6781186.098038 -1918.103027 6 9
453618.748920 6781186.098038 -1942.094238 7 9
453668.748920 6781186.098038 -1966.076416 8 9
453718.748920 6781186.098038 -1989.297974 9 9
453768.748920 6781186.098038 -2011.395142 10 9
453818.748920 6781186.098038 -2033.737915 11 9
453868.748920 6781186.098038 -2057.762451 12 9
453918.748920 6781186.098038 -2081.976074 13 9
453968.748920 6781186.098038 -2106.668945 14 9
454018.748920 6781186.098038 -2120.818359 15 9
454068.748920 6781186.098038 -2130.606445 16 9
454118.748920 6781186.098038 -2138.458740 17 9
454168.748920 6781186.098038 -2145.729248 18 9
454218.748920 6781186.098038 -2154.210938 19 9
454268.748920 6781186.098038 -2165.731201 20 9
453518.748920 6781236.098038 -1884.353149 5 10
453568.748920 6781236.098038 -1905.575928 6 10
453618.748920 6781236.098038 -1927.139404 7 10
453668.748920 6781236.098038 -1948.746826 8 10
453718.748920 6781236.098038 -1973.137939 9 10
453768.748920 6781236.098038 -2001.945801 10 10
453818.748920 6781236.098038 -2031.290405 11 10
453868.748920 6781236.098038 -2053.758545 12 10
453918.748920 6781236.098038 -2074.456543 13 10
453968.748920 6781236.098038 -2094.622314 14 10
454018.748920 6781236.098038 -2107.407471 15 10
454068.748920 6781236.098038 -2122.296875 16 10
454118.748920 6781236.098038 -2134.059814 17 10
454168.748920 6781236.098038 -2142.518799 18 10
454218.748920 6781236.098038 -2150.372314 19 10
454268.748920 6781236.098038 -2162.164795 20 10
453518.748920 6781286.098038 -1871.402954 5 11
453568.748920 6781286.098038 -1888.394287 6 11
453618.748920 6781286.098038 -1905.759277 7 11
453668.748920 6781286.098038 -1924.858032 8 11
453718.748920 6781286.098038 -1950.022827 9 11
453768.748920 6781286.098038 -1983.288818 10 11
453818.748920 6781286.098038 -2018.393677 11 11
453868.748920 6781286.098038 -2037.074219 12 11
453918.748920 6781286.098038 -2056.215332 13 11
453968.748920 6781286.098038 -2075.198486 14 11
454018.748920 6781286.098038 -2088.575195 15 11
454068.748920 6781286.098038 -2103.243408 16 11
454118.748920 6781286.098038 -2118.420654 17 11
454168.748920 6781286.098038 -2129.609863 18 11
454218.748920 6781286.098038 -2137.937256 19 11
454268.748920 6781286.098038 -2151.499756 20 11
454318.748920 6781286.098038 -2169.401855 21 11
453568.748920 6781336.098038 -1869.864380 6 12
453618.748920 6781336.098038 -1882.198486 7 12
453668.748920 6781336.098038 -1895.756226 8 12
453718.748920 6781336.098038 -1916.457886 9 12
453768.748920 6781336.098038 -1942.878052 10 12
453818.748920 6781336.098038 -1971.793091 11 12
453868.748920 6781336.098038 -1993.630249 12 12
453918.748920 6781336.098038 -2011.223999 13 12
453968.748920 6781336.098038 -2031.016846 14 12
454018.748920 6781336.098038 -2042.792358 15 12
454068.748920 6781336.098038 -2059.065918 16 12
454118.748920 6781336.098038 -2078.579834 17 12
454168.748920 6781336.098038 -2101.281006 18 12
454218.748920 6781336.098038 -2116.831299 19 12
454268.748920 6781336.098038 -2134.970947 20 12
454318.748920 6781336.098038 -2155.443848 21 12
453568.748920 6781386.098038 -1853.373291 6 13
453618.748920 6781386.098038 -1861.934570 7 13
453668.748920 6781386.098038 -1870.277954 8 13
453718.748920 6781386.098038 -1887.283447 9 13
453768.748920 6781386.098038 -1907.719604 10 13
453818.748920 6781386.098038 -1927.513672 11 13
453868.748920 6781386.098038 -1947.701294 12 13
453918.748920 6781386.098038 -1993.302856 13 13
453968.748920 6781386.098038 -2013.718262 14 13
454018.748920 6781386.098038 -2043.380737 15 13
454068.748920 6781386.098038 -2052.558350 16 13
454118.748920 6781386.098038 -2073.900146 17 13
454168.748920 6781386.098038 -2066.123779 18 13
454218.748920 6781386.098038 -2092.104492 19 13
454268.748920 6781386.098038 -2114.971191 20 13
454318.748920 6781386.098038 -2136.713379 21 13
453768.748920 6781436.098038 -1891.820679 10 14
453818.748920 6781436.098038 -1916.395996 11 14
453868.748920 6781436.098038 -1951.230835 12 14
453918.748920 6781436.098038 -1974.640747 13 14
453968.748920 6781436.098038 -1975.311157 14 14
454018.748920 6781436.098038 -1971.578369 15 14
454068.748920 6781436.098038 -1995.835205 16 14
454118.748920 6781436.098038 -2021.076050 17 14
454168.748920 6781436.098038 -2043.632202 18 14
454218.748920 6781436.098038 -2075.848633 19 14
454268.748920 6781436.098038 -2095.458008 20 14
454318.748920 6781436.098038 -2118.117188 21 14
453868.748920 6781486.098038 -1924.947266 12 15
453918.748920 6781486.098038 -1932.694458 13 15
453968.748920 6781486.098038 -1915.310059 14 15
454018.748920 6781486.098038 -1900.959717 15 15
454068.748920 6781486.098038 -1941.123779 16 15
454118.748920 6781486.098038 -1978.873901 17 15
454168.748920 6781486.098038 -2020.264038 18 15
454218.748920 6781486.098038 -2065.612305 19 15
454268.748920 6781486.098038 -2079.871826 20 15
453918.748920 6781536.098038 -1912.124634 13 16
453968.748920 6781536.098038 -1907.526611 14 16
454018.748920 6781536.098038 -1909.416016 15 16
454068.748920 6781536.098038 -1942.171143 16 16
454118.748920 6781536.098038 -1977.000000 17 16
454168.748920 6781536.098038 -2016.698975 18 16
454218.748920 6781536.098038 -2049.772217 19 16
454268.748920 6781536.098038 -2067.346191 20 16
453968.748920 6781586.098038 -1913.520508 14 17
454018.748920 6781586.098038 -1931.390503 15 17
454068.748920 6781586.098038 -1960.673340 16 17
454118.748920 6781586.098038 -1981.014771 17 17
454168.748920 6781586.098038 -2015.744751 18 17
454218.748920 6781586.098038 -2036.892334 19 17
454018.748920 6781636.098038 -1926.479370 15 18
454068.748920 6781636.098038 -1951.824219 16 18
454118.748920 6781636.098038 -1970.129761 17 18
454168.748920 6781636.098038 -1996.929932 18 18
