# Type: scattered data
# Version: 6
# Description: No description
# Format: free
# Field: 1 x
# Field: 2 y
# Field: 3 z milliseconds
# Field: 4 column
# Field: 5 row
# Projection: Local Rectangular
# Units: meters
# End:
# Information from grid:
# Grid_size: 23 x 14
# Grid_space: 455417.553851,456517.553851,6781837.497941,6782487.497941
# Scattered data: Not_available
# Z_field: z
# Vertical_faults: Not_available
# History: No history
# Z_units: milliseconds
456367.553851 6781887.497941 -2310.693115 20 2
456417.553851 6781887.497941 -2288.901611 21 2
456317.553851 6781937.497941 -2262.294922 19 3
456367.553851 6781937.497941 -2227.690186 20 3
456417.553851 6781937.497941 -2203.084717 21 3
456267.553851 6781987.497941 -2246.720703 18 4
456317.553851 6781987.497941 -2179.730225 19 4
456367.553851 6781987.497941 -2111.928467 20 4
456417.553851 6781987.497941 -2053.509521 21 4
456217.553851 6782037.497941 -2252.342285 17 5
456267.553851 6782037.497941 -2180.141602 18 5
456317.553851 6782037.497941 -2089.346924 19 5
456367.553851 6782037.497941 -1993.242065 20 5
456417.553851 6782037.497941 -1902.457764 21 5
456167.553851 6782087.497941 -2166.193848 16 6
456217.553851 6782087.497941 -2150.355225 17 6
456267.553851 6782087.497941 -2078.389648 18 6
456317.553851 6782087.497941 -1999.536255 19 6
456367.553851 6782087.497941 -1909.520020 20 6
456417.553851 6782087.497941 -1818.885376 21 6
455867.553851 6782137.497941 -2228.506348 10 7
455917.553851 6782137.497941 -2219.938965 11 7
455967.553851 6782137.497941 -2202.686768 12 7
456017.553851 6782137.497941 -2180.883301 13 7
456067.553851 6782137.497941 -2157.696289 14 7
456117.553851 6782137.497941 -2135.079346 15 7
456167.553851 6782137.497941 -2099.677734 16 7
456217.553851 6782137.497941 -2039.784546 17 7
456267.553851 6782137.497941 -1992.127319 18 7
456317.553851 6782137.497941 -1932.233887 19 7
456367.553851 6782137.497941 -1864.231689 20 7
455467.553851 6782187.497941 -1984.795410 2 8
455517.553851 6782187.497941 -2028.830078 3 8
455567.553851 6782187.497941 -2072.509521 4 8
455617.553851 6782187.497941 -2106.302734 5 8
455667.553851 6782187.497941 -2106.891357 6 8
455717.553851 6782187.497941 -2101.116211 7 8
455767.553851 6782187.497941 -2165.416992 8 8
455817.553851 6782187.497941 -2200.864014 9 8
455867.553851 6782187.497941 -2188.295898 10 8
455917.553851 6782187.497941 -2170.200684 11 8
455967.553851 6782187.497941 -2149.010742 12 8
456017.553851 6782187.497941 -2124.427002 13 8
456067.553851 6782187.497941 -2097.232178 14 8
456117.553851 6782187.497941 -2066.491699 15 8
456167.553851 6782187.497941 -2020.522583 16 8
456217.553851 6782187.497941 -1965.094727 17 8
456267.553851 6782187.497941 -1933.428101 18 8
456317.553851 6782187.497941 -1886.039795 19 8
455467.553851 6782237.497941 -1924.644897 2 9
455517.553851 6782237.497941 -1965.556152 3 9
455567.553851 6782237.497941 -2021.709229 4 9
455617.553851 6782237.497941 -2090.098389 5 9
455667.553851 6782237.497941 -2099.149902 6 9
455717.553851 6782237.497941 -2103.718994 7 9
455767.553851 6782237.497941 -2158.741211 8 9
455817.553851 6782237.497941 -2156.747070 9 9
455867.553851 6782237.497941 -2127.635498 10 9
455917.553851 6782237.497941 -2103.086426 11 9
455967.553851 6782237.497941 -2083.324219 12 9
456017.553851 6782237.497941 -2060.535156 13 9
456067.553851 6782237.497941 -2032.521729 14 9
456117.553851 6782237.497941 -1997.276367 15 9
456167.553851 6782237.497941 -1959.542236 16 9
456217.553851 6782237.497941 -1926.922729 17 9
456267.553851 6782237.497941 -1890.607056 18 9
455517.553851 6782287.497941 -1907.029907 3 10
455567.553851 6782287.497941 -1979.806274 4 10
455617.553851 6782287.497941 -2062.853516 5 10
455667.553851 6782287.497941 -2081.036865 6 10
455717.553851 6782287.497941 -2056.640625 7 10
455767.553851 6782287.497941 -2034.564209 8 10
455817.553851 6782287.497941 -1998.966187 9 10
455867.553851 6782287.497941 -2006.740234 10 10
455917.553851 6782287.497941 -2013.848877 11 10
455967.553851 6782287.497941 -2010.585571 12 10
456017.553851 6782287.497941 -1997.898560 13 10
456067.553851 6782287.497941 -1977.439209 14 10
456117.553851 6782287.497941 -1950.822266 15 10
456167.553851 6782287.497941 -1924.298828 16 10
456217.553851 6782287.497941 -1898.277222 17 10
456267.553851 6782287.497941 -1862.427979 18 10
455917.553851 6782337.497941 -1946.008545 11 11
455967.553851 6782337.497941 -1949.604492 12 11
456017.553851 6782337.497941 -1944.957397 13 11
456067.553851 6782337.497941 -1933.708496 14 11
456117.553851 6782337.497941 -1918.442505 15 11
456167.553851 6782337.497941 -1898.448364 16 11
456217.553851 6782337.497941 -1870.716064 17 11
455967.553851 6782387.497941 -1899.827271 12 12
456017.553851 6782387.497941 -1900.076782 13 12
456067.553851 6782387.497941 -1895.365967 14 12
456117.553851 6782387.497941 -1885.655518 15 12
456167.553851 6782387.497941 -1868.276367 16 12
456217.553851 6782387.497941 -1843.385742 17 12
456067.553851 6782437.497941 -1860.694702 14 13
456117.553851 6782437.497941 -1855.643677 15 13
