# Type: scattered data
# Version: 6
# Description: No description
# Format: free
# Field: 1 x
# Field: 2 y
# Field: 3 z milliseconds
# Field: 4 column
# Field: 5 row
# Projection: Local Rectangular
# Units: meters
# End:
# Information from grid:
# Grid_size: 27 x 61
# Grid_space: 457605.025043,458905.025043,6785927.664994,6788927.664994
# Scattered data: Not_available
# Z_field: z
# Vertical_faults: Not_available
# History: No history
# Z_units: milliseconds
457905.025043 6785927.664994 -1731.556763 7 1
457955.025043 6785927.664994 -1733.255127 8 1
458005.025043 6785927.664994 -1744.494629 9 1
458055.025043 6785927.664994 -1756.774414 10 1
458105.025043 6785927.664994 -1766.989258 11 1
458155.025043 6785927.664994 -1774.302612 12 1
458205.025043 6785927.664994 -1778.965942 13 1
457655.025043 6785977.664994 -1762.291138 2 2
457705.025043 6785977.664994 -1762.955444 3 2
457755.025043 6785977.664994 -1757.959473 4 2
457805.025043 6785977.664994 -1750.083862 5 2
457855.025043 6785977.664994 -1748.998535 6 2
457905.025043 6785977.664994 -1749.863159 7 2
457955.025043 6785977.664994 -1749.015625 8 2
458005.025043 6785977.664994 -1759.304688 9 2
458055.025043 6785977.664994 -1769.679199 10 2
458105.025043 6785977.664994 -1775.879639 11 2
458155.025043 6785977.664994 -1780.355103 12 2
458205.025043 6785977.664994 -1783.451050 13 2
458255.025043 6785977.664994 -1785.264404 14 2
458305.025043 6785977.664994 -1786.404785 15 2
458355.025043 6785977.664994 -1787.322266 16 2
458405.025043 6785977.664994 -1788.278320 17 2
458455.025043 6785977.664994 -1789.345703 18 2
458505.025043 6785977.664994 -1790.454834 19 2
457655.025043 6786027.664994 -1764.988159 2 3
457705.025043 6786027.664994 -1767.807251 3 3
457755.025043 6786027.664994 -1769.365601 4 3
457805.025043 6786027.664994 -1767.379639 5 3
457855.025043 6786027.664994 -1767.816406 6 3
457905.025043 6786027.664994 -1766.436035 7 3
457955.025043 6786027.664994 -1766.116333 8 3
458005.025043 6786027.664994 -1774.980591 9 3
458055.025043 6786027.664994 -1784.633423 10 3
458105.025043 6786027.664994 -1785.213989 11 3
458155.025043 6786027.664994 -1786.939575 12 3
458205.025043 6786027.664994 -1788.693604 13 3
458255.025043 6786027.664994 -1789.378784 14 3
458305.025043 6786027.664994 -1789.817017 15 3
458355.025043 6786027.664994 -1790.240234 16 3
458405.025043 6786027.664994 -1790.826172 17 3
458455.025043 6786027.664994 -1791.608032 18 3
458505.025043 6786027.664994 -1792.467163 19 3
458555.025043 6786027.664994 -1793.224854 20 3
458605.025043 6786027.664994 -1793.731323 21 3
457705.025043 6786077.664994 -1770.898315 3 4
457755.025043 6786077.664994 -1774.562866 4 4
457805.025043 6786077.664994 -1779.910889 5 4
457855.025043 6786077.664994 -1785.076416 6 4
457905.025043 6786077.664994 -1781.090088 7 4
457955.025043 6786077.664994 -1779.165894 8 4
458005.025043 6786077.664994 -1789.011108 9 4
458055.025043 6786077.664994 -1800.789063 10 4
458105.025043 6786077.664994 -1792.467651 11 4
458155.025043 6786077.664994 -1792.524902 12 4
458205.025043 6786077.664994 -1793.878540 13 4
458255.025043 6786077.664994 -1793.250977 14 4
458305.025043 6786077.664994 -1793.211182 15 4
458355.025043 6786077.664994 -1793.239014 16 4
458405.025043 6786077.664994 -1793.477661 17 4
458455.025043 6786077.664994 -1793.995728 18 4
458505.025043 6786077.664994 -1794.637695 19 4
458555.025043 6786077.664994 -1795.164917 20 4
458605.025043 6786077.664994 -1795.386353 21 4
457705.025043 6786127.664994 -1775.173096 3 5
457755.025043 6786127.664994 -1779.021118 4 5
457805.025043 6786127.664994 -1787.255859 5 5
457855.025043 6786127.664994 -1795.214966 6 5
457905.025043 6786127.664994 -1792.055054 7 5
457955.025043 6786127.664994 -1790.269165 8 5
458005.025043 6786127.664994 -1799.538696 9 5
458055.025043 6786127.664994 -1808.920410 10 5
458105.025043 6786127.664994 -1797.273804 11 5
458155.025043 6786127.664994 -1798.043335 12 5
458205.025043 6786127.664994 -1799.462646 13 5
458255.025043 6786127.664994 -1796.126587 14 5
458305.025043 6786127.664994 -1796.326050 15 5
458355.025043 6786127.664994 -1796.204468 16 5
458405.025043 6786127.664994 -1796.178223 17 5
458455.025043 6786127.664994 -1796.486328 18 5
458505.025043 6786127.664994 -1796.953979 19 5
458555.025043 6786127.664994 -1797.275513 20 5
458605.025043 6786127.664994 -1797.216309 21 5
458655.025043 6786127.664994 -1796.680664 22 5
457705.025043 6786177.664994 -1785.102783 3 6
457755.025043 6786177.664994 -1785.541260 4 6
457805.025043 6786177.664994 -1788.847412 5 6
457855.025043 6786177.664994 -1796.151489 6 6
457905.025043 6786177.664994 -1801.422119 7 6
457955.025043 6786177.664994 -1801.719727 8 6
458005.025043 6786177.664994 -1802.660400 9 6
458055.025043 6786177.664994 -1802.374634 10 6
458105.025043 6786177.664994 -1801.759033 11 6
458155.025043 6786177.664994 -1804.091431 12 6
458205.025043 6786177.664994 -1806.102905 13 6
458255.025043 6786177.664994 -1796.675171 14 6
458305.025043 6786177.664994 -1798.895752 15 6
458355.025043 6786177.664994 -1798.996216 16 6
458405.025043 6786177.664994 -1798.847778 17 6
458455.025043 6786177.664994 -1799.033203 18 6
458505.025043 6786177.664994 -1799.375000 19 6
458555.025043 6786177.664994 -1799.510498 20 6
458605.025043 6786177.664994 -1799.168091 21 6
458655.025043 6786177.664994 -1798.251221 22 6
457705.025043 6786227.664994 -1792.259888 3 7
457755.025043 6786227.664994 -1788.059692 4 7
457805.025043 6786227.664994 -1790.810303 5 7
457855.025043 6786227.664994 -1798.523804 6 7
457905.025043 6786227.664994 -1803.841187 7 7
457955.025043 6786227.664994 -1806.687256 8 7
458005.025043 6786227.664994 -1805.166016 9 7
458055.025043 6786227.664994 -1802.528442 10 7
458105.025043 6786227.664994 -1801.417114 11 7
458155.025043 6786227.664994 -1805.189087 12 7
458205.025043 6786227.664994 -1808.863403 13 7
458255.025043 6786227.664994 -1796.440918 14 7
458305.025043 6786227.664994 -1799.765625 15 7
458355.025043 6786227.664994 -1801.119629 16 7
458405.025043 6786227.664994 -1801.378052 17 7
458455.025043 6786227.664994 -1801.597290 18 7
458505.025043 6786227.664994 -1801.854736 19 7
458555.025043 6786227.664994 -1801.808350 20 7
458605.025043 6786227.664994 -1801.167358 21 7
458655.025043 6786227.664994 -1799.845825 22 7
458705.025043 6786227.664994 -1797.924194 23 7
457705.025043 6786277.664994 -1787.414673 3 8
457755.025043 6786277.664994 -1791.306152 4 8
457805.025043 6786277.664994 -1797.880005 5 8
457855.025043 6786277.664994 -1802.372314 6 8
457905.025043 6786277.664994 -1804.103271 7 8
457955.025043 6786277.664994 -1807.251221 8 8
458005.025043 6786277.664994 -1808.613037 9 8
458055.025043 6786277.664994 -1805.624878 10 8
458105.025043 6786277.664994 -1801.996460 11 8
458155.025043 6786277.664994 -1801.237427 12 8
458205.025043 6786277.664994 -1803.599976 13 8
458255.025043 6786277.664994 -1801.865234 14 8
458305.025043 6786277.664994 -1803.489258 15 8
458355.025043 6786277.664994 -1804.240234 16 8
458405.025043 6786277.664994 -1804.213623 17 8
458455.025043 6786277.664994 -1804.250122 18 8
458505.025043 6786277.664994 -1804.363159 19 8
458555.025043 6786277.664994 -1804.105713 20 8
458605.025043 6786277.664994 -1803.127808 21 8
458655.025043 6786277.664994 -1801.360962 22 8
458705.025043 6786277.664994 -1798.933228 23 8
457755.025043 6786327.664994 -1812.757813 4 9
457805.025043 6786327.664994 -1813.043579 5 9
457855.025043 6786327.664994 -1811.361938 6 9
457905.025043 6786327.664994 -1810.894043 7 9
457955.025043 6786327.664994 -1809.260132 8 9
458005.025043 6786327.664994 -1812.448853 9 9
458055.025043 6786327.664994 -1808.309570 10 9
458105.025043 6786327.664994 -1801.852173 11 9
458155.025043 6786327.664994 -1796.550049 12 9
458205.025043 6786327.664994 -1800.025635 13 9
458255.025043 6786327.664994 -1806.562378 14 9
458305.025043 6786327.664994 -1807.890869 15 9
458355.025043 6786327.664994 -1807.610840 16 9
458405.025043 6786327.664994 -1806.931885 17 9
458455.025043 6786327.664994 -1806.773560 18 9
458505.025043 6786327.664994 -1806.802246 19 9
458555.025043 6786327.664994 -1806.335083 20 9
458605.025043 6786327.664994 -1804.951904 21 9
458655.025043 6786327.664994 -1802.663208 22 9
458705.025043 6786327.664994 -1799.688477 23 9
457755.025043 6786377.664994 -1822.406494 4 10
457805.025043 6786377.664994 -1821.238403 5 10
457855.025043 6786377.664994 -1815.498291 6 10
457905.025043 6786377.664994 -1808.274170 7 10
457955.025043 6786377.664994 -1811.570679 8 10
458005.025043 6786377.664994 -1809.328613 9 10
458055.025043 6786377.664994 -1806.434937 10 10
458105.025043 6786377.664994 -1802.025757 11 10
458155.025043 6786377.664994 -1798.376465 12 10
458205.025043 6786377.664994 -1802.174194 13 10
458255.025043 6786377.664994 -1808.538940 14 10
458305.025043 6786377.664994 -1810.161255 15 10
458355.025043 6786377.664994 -1809.731201 16 10
458405.025043 6786377.664994 -1808.681274 17 10
458455.025043 6786377.664994 -1808.833618 18 10
458505.025043 6786377.664994 -1809.088989 19 10
458555.025043 6786377.664994 -1808.449341 20 10
458605.025043 6786377.664994 -1806.507690 21 10
458655.025043 6786377.664994 -1803.547729 22 10
458705.025043 6786377.664994 -1799.971924 23 10
458755.025043 6786377.664994 -1796.064941 24 10
457755.025043 6786427.664994 -1828.452759 4 11
457805.025043 6786427.664994 -1827.764038 5 11
457855.025043 6786427.664994 -1820.267578 6 11
457905.025043 6786427.664994 -1811.126465 7 11
457955.025043 6786427.664994 -1808.436523 8 11
458005.025043 6786427.664994 -1805.968994 9 11
458055.025043 6786427.664994 -1802.242432 10 11
458105.025043 6786427.664994 -1808.477783 11 11
458155.025043 6786427.664994 -1808.791626 12 11
458205.025043 6786427.664994 -1805.090576 13 11
458255.025043 6786427.664994 -1807.962769 14 11
458305.025043 6786427.664994 -1809.914917 15 11
458355.025043 6786427.664994 -1810.389771 16 11
458405.025043 6786427.664994 -1808.995483 17 11
458455.025043 6786427.664994 -1810.385742 18 11
458505.025043 6786427.664994 -1811.257446 19 11
458555.025043 6786427.664994 -1810.377808 20 11
458605.025043 6786427.664994 -1807.505859 21 11
458655.025043 6786427.664994 -1803.624878 22 11
458705.025043 6786427.664994 -1799.429077 23 11
458755.025043 6786427.664994 -1795.140137 24 11
457755.025043 6786477.664994 -1831.882202 4 12
457805.025043 6786477.664994 -1833.050049 5 12
457855.025043 6786477.664994 -1823.181763 6 12
457905.025043 6786477.664994 -1820.543701 7 12
457955.025043 6786477.664994 -1814.399048 8 12
458005.025043 6786477.664994 -1802.110596 9 12
458055.025043 6786477.664994 -1801.579346 10 12
458105.025043 6786477.664994 -1806.877563 11 12
458155.025043 6786477.664994 -1808.125732 12 12
458205.025043 6786477.664994 -1807.195557 13 12
458255.025043 6786477.664994 -1807.867554 14 12
458305.025043 6786477.664994 -1810.099854 15 12
458355.025043 6786477.664994 -1811.220215 16 12
458405.025043 6786477.664994 -1807.671021 17 12
458455.025043 6786477.664994 -1811.714111 18 12
458505.025043 6786477.664994 -1813.238525 19 12
458555.025043 6786477.664994 -1811.786987 20 12
458605.025043 6786477.664994 -1807.241699 21 12
458655.025043 6786477.664994 -1802.160156 22 12
458705.025043 6786477.664994 -1797.517944 23 12
458755.025043 6786477.664994 -1793.177612 24 12
457705.025043 6786527.664994 -1821.860962 3 13
457755.025043 6786527.664994 -1826.411499 4 13
457805.025043 6786527.664994 -1828.895386 5 13
457855.025043 6786527.664994 -1824.904175 6 13
457905.025043 6786527.664994 -1826.792603 7 13
457955.025043 6786527.664994 -1820.303833 8 13
458005.025043 6786527.664994 -1817.237793 9 13
458055.025043 6786527.664994 -1814.521851 10 13
458105.025043 6786527.664994 -1808.707520 11 13
458155.025043 6786527.664994 -1807.362427 12 13
458205.025043 6786527.664994 -1803.413574 13 13
458255.025043 6786527.664994 -1807.029297 14 13
458305.025043 6786527.664994 -1813.966064 15 13
458355.025043 6786527.664994 -1812.098022 16 13
458405.025043 6786527.664994 -1806.247437 17 13
458455.025043 6786527.664994 -1812.845093 18 13
458505.025043 6786527.664994 -1814.091553 19 13
458555.025043 6786527.664994 -1811.864258 20 13
458605.025043 6786527.664994 -1804.397339 21 13
458655.025043 6786527.664994 -1798.094971 22 13
458705.025043 6786527.664994 -1793.641602 23 13
458755.025043 6786527.664994 -1789.911987 24 13
457705.025043 6786577.664994 -1817.291992 3 14
457755.025043 6786577.664994 -1830.538330 4 14
457805.025043 6786577.664994 -1830.601563 5 14
457855.025043 6786577.664994 -1825.376465 6 14
457905.025043 6786577.664994 -1818.336060 7 14
457955.025043 6786577.664994 -1814.381348 8 14
458005.025043 6786577.664994 -1810.756836 9 14
458055.025043 6786577.664994 -1808.130249 10 14
458105.025043 6786577.664994 -1806.283081 11 14
458155.025043 6786577.664994 -1807.073853 12 14
458205.025043 6786577.664994 -1807.401855 13 14
458255.025043 6786577.664994 -1812.114380 14 14
458305.025043 6786577.664994 -1814.318604 15 14
458355.025043 6786577.664994 -1810.770264 16 14
458405.025043 6786577.664994 -1803.371460 17 14
458455.025043 6786577.664994 -1806.179688 18 14
458505.025043 6786577.664994 -1810.657837 19 14
458555.025043 6786577.664994 -1808.501221 20 14
458605.025043 6786577.664994 -1797.515991 21 14
458655.025043 6786577.664994 -1790.758301 22 14
458705.025043 6786577.664994 -1787.713013 23 14
458755.025043 6786577.664994 -1785.465576 24 14
457705.025043 6786627.664994 -1828.465332 3 15
457755.025043 6786627.664994 -1830.252441 4 15
457805.025043 6786627.664994 -1826.036621 5 15
457855.025043 6786627.664994 -1823.475586 6 15
457905.025043 6786627.664994 -1822.175781 7 15
457955.025043 6786627.664994 -1816.615845 8 15
458005.025043 6786627.664994 -1811.646606 9 15
458055.025043 6786627.664994 -1809.588135 10 15
458105.025043 6786627.664994 -1818.674438 11 15
458155.025043 6786627.664994 -1822.443604 12 15
458205.025043 6786627.664994 -1813.276245 13 15
458255.025043 6786627.664994 -1814.115479 14 15
458305.025043 6786627.664994 -1817.661743 15 15
458355.025043 6786627.664994 -1813.557007 16 15
458405.025043 6786627.664994 -1805.592407 17 15
458455.025043 6786627.664994 -1801.537231 18 15
458505.025043 6786627.664994 -1815.513306 19 15
458555.025043 6786627.664994 -1806.694092 20 15
458605.025043 6786627.664994 -1788.442261 21 15
458655.025043 6786627.664994 -1782.192261 22 15
458705.025043 6786627.664994 -1781.127563 23 15
458755.025043 6786627.664994 -1780.701782 24 15
457705.025043 6786677.664994 -1834.865356 3 16
457755.025043 6786677.664994 -1827.674805 4 16
457805.025043 6786677.664994 -1825.911865 5 16
457855.025043 6786677.664994 -1824.145996 6 16
457905.025043 6786677.664994 -1824.605469 7 16
457955.025043 6786677.664994 -1819.467651 8 16
458005.025043 6786677.664994 -1824.564209 9 16
458055.025043 6786677.664994 -1822.522461 10 16
458105.025043 6786677.664994 -1823.469482 11 16
458155.025043 6786677.664994 -1814.095703 12 16
458205.025043 6786677.664994 -1821.356812 13 16
458255.025043 6786677.664994 -1825.713379 14 16
458305.025043 6786677.664994 -1827.250244 15 16
458355.025043 6786677.664994 -1815.204590 16 16
458405.025043 6786677.664994 -1802.383179 17 16
458455.025043 6786677.664994 -1798.709717 18 16
458505.025043 6786677.664994 -1809.240112 19 16
458555.025043 6786677.664994 -1795.421143 20 16
458605.025043 6786677.664994 -1782.292725 21 16
458655.025043 6786677.664994 -1777.409912 22 16
458705.025043 6786677.664994 -1776.797119 23 16
458755.025043 6786677.664994 -1776.920898 24 16
457805.025043 6786727.664994 -1823.386963 5 17
457855.025043 6786727.664994 -1823.605957 6 17
457905.025043 6786727.664994 -1818.638916 7 17
457955.025043 6786727.664994 -1813.914551 8 17
458005.025043 6786727.664994 -1811.096191 9 17
458055.025043 6786727.664994 -1805.144165 10 17
458105.025043 6786727.664994 -1807.456665 11 17
458155.025043 6786727.664994 -1811.582764 12 17
458205.025043 6786727.664994 -1825.965088 13 17
458255.025043 6786727.664994 -1830.840454 14 17
458305.025043 6786727.664994 -1826.359375 15 17
458355.025043 6786727.664994 -1814.292358 16 17
458405.025043 6786727.664994 -1802.401855 17 17
458455.025043 6786727.664994 -1796.831543 18 17
458505.025043 6786727.664994 -1797.234863 19 17
458555.025043 6786727.664994 -1788.396362 20 17
458605.025043 6786727.664994 -1779.763672 21 17
458655.025043 6786727.664994 -1775.654053 22 17
458705.025043 6786727.664994 -1774.560181 23 17
458755.025043 6786727.664994 -1774.255005 24 17
457805.025043 6786777.664994 -1826.678345 5 18
457855.025043 6786777.664994 -1814.220825 6 18
457905.025043 6786777.664994 -1817.068481 7 18
457955.025043 6786777.664994 -1809.708130 8 18
458005.025043 6786777.664994 -1806.134766 9 18
458055.025043 6786777.664994 -1805.450317 10 18
458105.025043 6786777.664994 -1808.491699 11 18
458155.025043 6786777.664994 -1812.889282 12 18
458205.025043 6786777.664994 -1821.206909 13 18
458255.025043 6786777.664994 -1824.131226 14 18
458305.025043 6786777.664994 -1818.894897 15 18
458355.025043 6786777.664994 -1808.619263 16 18
458405.025043 6786777.664994 -1798.681885 17 18
458455.025043 6786777.664994 -1792.235840 18 18
458505.025043 6786777.664994 -1788.439697 19 18
458555.025043 6786777.664994 -1782.301147 20 18
458605.025043 6786777.664994 -1776.883057 21 18
458655.025043 6786777.664994 -1773.995239 22 18
458705.025043 6786777.664994 -1772.833252 23 18
458755.025043 6786777.664994 -1771.998047 24 18
457755.025043 6786827.664994 -1825.767456 4 19
457805.025043 6786827.664994 -1816.118286 5 19
457855.025043 6786827.664994 -1815.233154 6 19
457905.025043 6786827.664994 -1808.175415 7 19
457955.025043 6786827.664994 -1804.367432 8 19
458005.025043 6786827.664994 -1802.807495 9 19
458055.025043 6786827.664994 -1802.258789 10 19
458105.025043 6786827.664994 -1806.196045 11 19
458155.025043 6786827.664994 -1811.986694 12 19
458205.025043 6786827.664994 -1815.288330 13 19
458255.025043 6786827.664994 -1816.041382 14 19
458305.025043 6786827.664994 -1809.204102 15 19
458355.025043 6786827.664994 -1799.864624 16 19
458405.025043 6786827.664994 -1791.781860 17 19
458455.025043 6786827.664994 -1785.895142 18 19
458505.025043 6786827.664994 -1781.483276 19 19
458555.025043 6786827.664994 -1777.038208 20 19
458605.025043 6786827.664994 -1773.534912 21 19
458655.025043 6786827.664994 -1771.611572 22 19
458705.025043 6786827.664994 -1770.626709 23 19
458755.025043 6786827.664994 -1769.608154 24 19
457755.025043 6786877.664994 -1848.685913 4 20
457805.025043 6786877.664994 -1834.565063 5 20
457855.025043 6786877.664994 -1822.614624 6 20
457905.025043 6786877.664994 -1842.606445 7 20
457955.025043 6786877.664994 -1829.719238 8 20
458005.025043 6786877.664994 -1818.734619 9 20
458055.025043 6786877.664994 -1809.806763 10 20
458105.025043 6786877.664994 -1817.349976 11 20
458155.025043 6786877.664994 -1813.431885 12 20
458205.025043 6786877.664994 -1811.887573 13 20
458255.025043 6786877.664994 -1811.063477 14 20
458305.025043 6786877.664994 -1800.299927 15 20
458355.025043 6786877.664994 -1790.313232 16 20
458405.025043 6786877.664994 -1783.944946 17 20
458455.025043 6786877.664994 -1779.361694 18 20
458505.025043 6786877.664994 -1775.651855 19 20
458555.025043 6786877.664994 -1772.451782 20 20
458605.025043 6786877.664994 -1770.152588 21 20
458655.025043 6786877.664994 -1768.865356 22 20
458705.025043 6786877.664994 -1768.057739 23 20
458755.025043 6786877.664994 -1767.048828 24 20
457755.025043 6786927.664994 -1864.795288 4 21
457805.025043 6786927.664994 -1853.029175 5 21
457855.025043 6786927.664994 -1850.577881 6 21
457905.025043 6786927.664994 -1844.790039 7 21
457955.025043 6786927.664994 -1842.016479 8 21
458005.025043 6786927.664994 -1833.134155 9 21
458055.025043 6786927.664994 -1829.520996 10 21
458105.025043 6786927.664994 -1829.343750 11 21
458155.025043 6786927.664994 -1820.188721 12 21
458205.025043 6786927.664994 -1819.384644 13 21
458255.025043 6786927.664994 -1808.856445 14 21
458305.025043 6786927.664994 -1793.884888 15 21
458355.025043 6786927.664994 -1783.061646 16 21
458405.025043 6786927.664994 -1778.073364 17 21
458455.025043 6786927.664994 -1774.309937 18 21
458505.025043 6786927.664994 -1771.149780 19 21
458555.025043 6786927.664994 -1768.683105 20 21
458605.025043 6786927.664994 -1767.078979 21 21
458655.025043 6786927.664994 -1766.193359 22 21
458705.025043 6786927.664994 -1765.547119 23 21
458755.025043 6786927.664994 -1764.640747 24 21
457705.025043 6786977.664994 -1859.250122 3 22
457755.025043 6786977.664994 -1858.813232 4 22
457805.025043 6786977.664994 -1859.038696 5 22
457855.025043 6786977.664994 -1857.850586 6 22
457905.025043 6786977.664994 -1847.563721 7 22
457955.025043 6786977.664994 -1842.998535 8 22
458005.025043 6786977.664994 -1835.803467 9 22
458055.025043 6786977.664994 -1835.175415 10 22
458105.025043 6786977.664994 -1832.119263 11 22
458155.025043 6786977.664994 -1824.311157 12 22
458205.025043 6786977.664994 -1819.255493 13 22
458255.025043 6786977.664994 -1808.167725 14 22
458305.025043 6786977.664994 -1795.182739 15 22
458355.025043 6786977.664994 -1785.473511 16 22
458405.025043 6786977.664994 -1777.510742 17 22
458455.025043 6786977.664994 -1771.984863 18 22
458505.025043 6786977.664994 -1768.236694 19 22
458555.025043 6786977.664994 -1765.858276 20 22
458605.025043 6786977.664994 -1764.557129 21 22
458655.025043 6786977.664994 -1763.912964 22 22
458705.025043 6786977.664994 -1763.415527 23 22
458755.025043 6786977.664994 -1762.648804 24 22
457705.025043 6787027.664994 -1860.119507 3 23
457755.025043 6787027.664994 -1857.794678 4 23
457805.025043 6787027.664994 -1862.120361 5 23
457855.025043 6787027.664994 -1859.952148 6 23
457905.025043 6787027.664994 -1843.700928 7 23
457955.025043 6787027.664994 -1837.690186 8 23
458005.025043 6787027.664994 -1838.794556 9 23
458055.025043 6787027.664994 -1836.621338 10 23
458105.025043 6787027.664994 -1832.949585 11 23
458155.025043 6787027.664994 -1826.157104 12 23
458205.025043 6787027.664994 -1823.850464 13 23
458255.025043 6787027.664994 -1811.364502 14 23
458305.025043 6787027.664994 -1798.408325 15 23
458355.025043 6787027.664994 -1787.631836 16 23
458405.025043 6787027.664994 -1777.908203 17 23
458455.025043 6787027.664994 -1770.833984 18 23
458505.025043 6787027.664994 -1766.372559 19 23
458555.025043 6787027.664994 -1763.882690 20 23
458605.025043 6787027.664994 -1762.719360 21 23
458655.025043 6787027.664994 -1762.236694 22 23
458705.025043 6787027.664994 -1761.869751 23 23
458755.025043 6787027.664994 -1761.231812 24 23
457705.025043 6787077.664994 -1863.200806 3 24
457755.025043 6787077.664994 -1857.743652 4 24
457805.025043 6787077.664994 -1856.933350 5 24
457855.025043 6787077.664994 -1848.817017 6 24
457905.025043 6787077.664994 -1842.998047 7 24
457955.025043 6787077.664994 -1843.417114 8 24
458005.025043 6787077.664994 -1842.807007 9 24
458055.025043 6787077.664994 -1834.620361 10 24
458105.025043 6787077.664994 -1827.011963 11 24
458155.025043 6787077.664994 -1818.063843 12 24
458205.025043 6787077.664994 -1822.333252 13 24
458255.025043 6787077.664994 -1810.469482 14 24
458305.025043 6787077.664994 -1797.755249 15 24
458355.025043 6787077.664994 -1787.584961 16 24
458405.025043 6787077.664994 -1777.757690 17 24
458455.025043 6787077.664994 -1770.069092 18 24
458505.025043 6787077.664994 -1765.280151 19 24
458555.025043 6787077.664994 -1762.788696 20 24
458605.025043 6787077.664994 -1761.744751 21 24
458655.025043 6787077.664994 -1761.373413 22 24
458705.025043 6787077.664994 -1761.084351 23 24
458755.025043 6787077.664994 -1760.510376 24 24
457705.025043 6787127.664994 -1864.119507 3 25
457755.025043 6787127.664994 -1864.539429 4 25
457805.025043 6787127.664994 -1862.218384 5 25
457855.025043 6787127.664994 -1852.449341 6 25
457905.025043 6787127.664994 -1844.386108 7 25
457955.025043 6787127.664994 -1846.038818 8 25
458005.025043 6787127.664994 -1844.947998 9 25
458055.025043 6787127.664994 -1839.296753 10 25
458105.025043 6787127.664994 -1829.141235 11 25
458155.025043 6787127.664994 -1818.397949 12 25
458205.025043 6787127.664994 -1809.096802 13 25
458255.025043 6787127.664994 -1795.574219 14 25
458305.025043 6787127.664994 -1798.817871 15 25
458355.025043 6787127.664994 -1790.588623 16 25
458405.025043 6787127.664994 -1778.204468 17 25
458455.025043 6787127.664994 -1769.950439 18 25
458505.025043 6787127.664994 -1765.227905 19 25
458555.025043 6787127.664994 -1762.892090 20 25
458605.025043 6787127.664994 -1761.938965 21 25
458655.025043 6787127.664994 -1761.576538 22 25
458705.025043 6787127.664994 -1761.244263 23 25
458755.025043 6787127.664994 -1760.608398 24 25
457705.025043 6787177.664994 -1895.198120 3 26
457755.025043 6787177.664994 -1889.893677 4 26
457805.025043 6787177.664994 -1885.147095 5 26
457855.025043 6787177.664994 -1882.792480 6 26
457905.025043 6787177.664994 -1874.590820 7 26
457955.025043 6787177.664994 -1866.402344 8 26
458005.025043 6787177.664994 -1857.830200 9 26
458055.025043 6787177.664994 -1841.543823 10 26
458105.025043 6787177.664994 -1833.036743 11 26
458155.025043 6787177.664994 -1823.055298 12 26
458205.025043 6787177.664994 -1817.042358 13 26
458255.025043 6787177.664994 -1806.782227 14 26
458305.025043 6787177.664994 -1796.317871 15 26
458355.025043 6787177.664994 -1787.504028 16 26
458405.025043 6787177.664994 -1776.225952 17 26
458455.025043 6787177.664994 -1770.296997 18 26
458505.025043 6787177.664994 -1766.638062 19 26
458555.025043 6787177.664994 -1764.614746 20 26
458605.025043 6787177.664994 -1763.621216 21 26
458655.025043 6787177.664994 -1763.068359 22 26
458705.025043 6787177.664994 -1762.497437 23 26
458755.025043 6787177.664994 -1761.623169 24 26
457655.025043 6787227.664994 -1885.239746 2 27
457705.025043 6787227.664994 -1886.141479 3 27
457755.025043 6787227.664994 -1886.614380 4 27
457805.025043 6787227.664994 -1887.135254 5 27
457855.025043 6787227.664994 -1886.714355 6 27
457905.025043 6787227.664994 -1875.894165 7 27
457955.025043 6787227.664994 -1865.144287 8 27
458005.025043 6787227.664994 -1854.820068 9 27
458055.025043 6787227.664994 -1847.958496 10 27
458105.025043 6787227.664994 -1839.900879 11 27
458155.025043 6787227.664994 -1835.079224 12 27
458205.025043 6787227.664994 -1822.904053 13 27
458255.025043 6787227.664994 -1811.765381 14 27
458305.025043 6787227.664994 -1801.396240 15 27
458355.025043 6787227.664994 -1788.564697 16 27
458405.025043 6787227.664994 -1780.049316 17 27
458455.025043 6787227.664994 -1774.076660 18 27
458505.025043 6787227.664994 -1770.568359 19 27
458555.025043 6787227.664994 -1768.334595 20 27
458605.025043 6787227.664994 -1766.926392 21 27
458655.025043 6787227.664994 -1765.892944 22 27
458705.025043 6787227.664994 -1764.853882 23 27
458755.025043 6787227.664994 -1763.555054 24 27
457655.025043 6787277.664994 -1887.802734 2 28
457705.025043 6787277.664994 -1887.337891 3 28
457755.025043 6787277.664994 -1886.112305 4 28
457805.025043 6787277.664994 -1882.628418 5 28
457855.025043 6787277.664994 -1874.562988 6 28
457905.025043 6787277.664994 -1868.817139 7 28
457955.025043 6787277.664994 -1853.403198 8 28
458005.025043 6787277.664994 -1843.408447 9 28
458055.025043 6787277.664994 -1844.694702 10 28
458105.025043 6787277.664994 -1842.360107 11 28
458155.025043 6787277.664994 -1839.021484 12 28
458205.025043 6787277.664994 -1829.745850 13 28
458255.025043 6787277.664994 -1826.009277 14 28
458305.025043 6787277.664994 -1808.231567 15 28
458355.025043 6787277.664994 -1794.644775 16 28
458405.025043 6787277.664994 -1785.513672 17 28
458455.025043 6787277.664994 -1779.579956 18 28
458505.025043 6787277.664994 -1776.277466 19 28
458555.025043 6787277.664994 -1773.604980 20 28
458605.025043 6787277.664994 -1771.516235 21 28
458655.025043 6787277.664994 -1769.790527 22 28
458705.025043 6787277.664994 -1768.121216 23 28
458755.025043 6787277.664994 -1766.264648 24 28
457655.025043 6787327.664994 -1895.421997 2 29
457705.025043 6787327.664994 -1895.801514 3 29
457755.025043 6787327.664994 -1894.772461 4 29
457805.025043 6787327.664994 -1886.681396 5 29
457855.025043 6787327.664994 -1874.807373 6 29
457905.025043 6787327.664994 -1868.518921 7 29
457955.025043 6787327.664994 -1859.704468 8 29
458005.025043 6787327.664994 -1849.523438 9 29
458055.025043 6787327.664994 -1845.074097 10 29
458105.025043 6787327.664994 -1839.722412 11 29
458155.025043 6787327.664994 -1839.166016 12 29
458205.025043 6787327.664994 -1838.360596 13 29
458255.025043 6787327.664994 -1833.749878 14 29
458305.025043 6787327.664994 -1821.554321 15 29
458355.025043 6787327.664994 -1807.671265 16 29
458405.025043 6787327.664994 -1792.788696 17 29
458455.025043 6787327.664994 -1785.966797 18 29
458505.025043 6787327.664994 -1782.988281 19 29
458555.025043 6787327.664994 -1779.572388 20 29
458605.025043 6787327.664994 -1776.710205 21 29
458655.025043 6787327.664994 -1774.265991 22 29
458705.025043 6787327.664994 -1771.950317 23 29
458755.025043 6787327.664994 -1769.503418 24 29
457655.025043 6787377.664994 -1899.820801 2 30
457705.025043 6787377.664994 -1899.498901 3 30
457755.025043 6787377.664994 -1902.032227 4 30
457805.025043 6787377.664994 -1896.429199 5 30
457855.025043 6787377.664994 -1887.320801 6 30
457905.025043 6787377.664994 -1882.421021 7 30
457955.025043 6787377.664994 -1880.048462 8 30
458005.025043 6787377.664994 -1869.619019 9 30
458055.025043 6787377.664994 -1860.815552 10 30
458105.025043 6787377.664994 -1848.028076 11 30
458155.025043 6787377.664994 -1847.765747 12 30
458205.025043 6787377.664994 -1845.920044 13 30
458255.025043 6787377.664994 -1841.228271 14 30
458305.025043 6787377.664994 -1827.987671 15 30
458355.025043 6787377.664994 -1811.839233 16 30
458405.025043 6787377.664994 -1800.780762 17 30
458455.025043 6787377.664994 -1793.350342 18 30
458505.025043 6787377.664994 -1788.976929 19 30
458555.025043 6787377.664994 -1784.879150 20 30
458605.025043 6787377.664994 -1781.671509 21 30
458655.025043 6787377.664994 -1778.758789 22 30
458705.025043 6787377.664994 -1775.957520 23 30
458755.025043 6787377.664994 -1772.990112 24 30
457655.025043 6787427.664994 -1904.857544 2 31
457705.025043 6787427.664994 -1901.829956 3 31
457755.025043 6787427.664994 -1909.494751 4 31
457805.025043 6787427.664994 -1903.906250 5 31
457855.025043 6787427.664994 -1893.056274 6 31
457905.025043 6787427.664994 -1883.278809 7 31
457955.025043 6787427.664994 -1879.454468 8 31
458005.025043 6787427.664994 -1871.331421 9 31
458055.025043 6787427.664994 -1865.395386 10 31
458105.025043 6787427.664994 -1861.649780 11 31
458155.025043 6787427.664994 -1852.287964 12 31
458205.025043 6787427.664994 -1844.743408 13 31
458255.025043 6787427.664994 -1838.036011 14 31
458305.025043 6787427.664994 -1829.843994 15 31
458355.025043 6787427.664994 -1816.855591 16 31
458405.025043 6787427.664994 -1809.264404 17 31
458455.025043 6787427.664994 -1800.106323 18 31
458505.025043 6787427.664994 -1792.084961 19 31
458555.025043 6787427.664994 -1788.611572 20 31
458605.025043 6787427.664994 -1785.936157 21 31
458655.025043 6787427.664994 -1782.900879 22 31
458705.025043 6787427.664994 -1779.856689 23 31
458755.025043 6787427.664994 -1776.476440 24 31
457655.025043 6787477.664994 -1913.341919 2 32
457705.025043 6787477.664994 -1913.637329 3 32
457755.025043 6787477.664994 -1910.877930 4 32
457805.025043 6787477.664994 -1902.227661 5 32
457855.025043 6787477.664994 -1897.097656 6 32
457905.025043 6787477.664994 -1896.299805 7 32
457955.025043 6787477.664994 -1886.172119 8 32
458005.025043 6787477.664994 -1882.099609 9 32
458055.025043 6787477.664994 -1873.120483 10 32
458105.025043 6787477.664994 -1862.507202 11 32
458155.025043 6787477.664994 -1856.018433 12 32
458205.025043 6787477.664994 -1846.109497 13 32
458255.025043 6787477.664994 -1834.996460 14 32
458305.025043 6787477.664994 -1825.806763 15 32
458355.025043 6787477.664994 -1817.950562 16 32
458405.025043 6787477.664994 -1810.556030 17 32
458455.025043 6787477.664994 -1799.405762 18 32
458505.025043 6787477.664994 -1793.272949 19 32
458555.025043 6787477.664994 -1791.937134 20 32
458605.025043 6787477.664994 -1789.660522 21 32
458655.025043 6787477.664994 -1786.600708 22 32
458705.025043 6787477.664994 -1783.479004 23 32
458755.025043 6787477.664994 -1779.735718 24 32
457655.025043 6787527.664994 -1913.334229 2 33
457705.025043 6787527.664994 -1912.231323 3 33
457755.025043 6787527.664994 -1909.592896 4 33
457805.025043 6787527.664994 -1904.947388 5 33
457855.025043 6787527.664994 -1901.104614 6 33
457905.025043 6787527.664994 -1900.954834 7 33
457955.025043 6787527.664994 -1886.424438 8 33
458005.025043 6787527.664994 -1885.174194 9 33
458055.025043 6787527.664994 -1873.603638 10 33
458105.025043 6787527.664994 -1862.749512 11 33
458155.025043 6787527.664994 -1853.226807 12 33
458205.025043 6787527.664994 -1840.244385 13 33
458255.025043 6787527.664994 -1835.309448 14 33
458305.025043 6787527.664994 -1833.687134 15 33
458355.025043 6787527.664994 -1820.494263 16 33
458405.025043 6787527.664994 -1815.887207 17 33
458455.025043 6787527.664994 -1805.945557 18 33
458505.025043 6787527.664994 -1798.553223 19 33
458555.025043 6787527.664994 -1798.560059 20 33
458605.025043 6787527.664994 -1794.700562 21 33
458655.025043 6787527.664994 -1790.252563 22 33
458705.025043 6787527.664994 -1786.503662 23 33
458755.025043 6787527.664994 -1782.415894 24 33
457655.025043 6787577.664994 -1908.969482 2 34
457705.025043 6787577.664994 -1906.462524 3 34
457755.025043 6787577.664994 -1905.674561 4 34
457805.025043 6787577.664994 -1906.505859 5 34
457855.025043 6787577.664994 -1902.211670 6 34
457905.025043 6787577.664994 -1896.385620 7 34
457955.025043 6787577.664994 -1879.468872 8 34
458005.025043 6787577.664994 -1873.382324 9 34
458055.025043 6787577.664994 -1867.106567 10 34
458105.025043 6787577.664994 -1866.753540 11 34
458155.025043 6787577.664994 -1853.906006 12 34
458205.025043 6787577.664994 -1838.694092 13 34
458255.025043 6787577.664994 -1837.900879 14 34
458305.025043 6787577.664994 -1836.450928 15 34
458355.025043 6787577.664994 -1828.058105 16 34
458405.025043 6787577.664994 -1819.258301 17 34
458455.025043 6787577.664994 -1811.130371 18 34
458505.025043 6787577.664994 -1798.248291 19 34
458555.025043 6787577.664994 -1797.979370 20 34
458605.025043 6787577.664994 -1795.760864 21 34
458655.025043 6787577.664994 -1791.276245 22 34
458705.025043 6787577.664994 -1786.480103 23 34
458755.025043 6787577.664994 -1783.850464 24 34
457655.025043 6787627.664994 -1905.182373 2 35
457705.025043 6787627.664994 -1900.158936 3 35
457755.025043 6787627.664994 -1896.047119 4 35
457805.025043 6787627.664994 -1896.065063 5 35
457855.025043 6787627.664994 -1897.534668 6 35
457905.025043 6787627.664994 -1894.072754 7 35
457955.025043 6787627.664994 -1865.044556 8 35
458005.025043 6787627.664994 -1858.484619 9 35
458055.025043 6787627.664994 -1869.221924 10 35
458105.025043 6787627.664994 -1869.785400 11 35
458155.025043 6787627.664994 -1860.841675 12 35
458205.025043 6787627.664994 -1843.207153 13 35
458255.025043 6787627.664994 -1842.633179 14 35
458305.025043 6787627.664994 -1841.051025 15 35
458355.025043 6787627.664994 -1832.233032 16 35
458405.025043 6787627.664994 -1818.393433 17 35
458455.025043 6787627.664994 -1811.158813 18 35
458505.025043 6787627.664994 -1801.499634 19 35
458555.025043 6787627.664994 -1800.472778 20 35
458605.025043 6787627.664994 -1800.229370 21 35
458655.025043 6787627.664994 -1793.239258 22 35
458705.025043 6787627.664994 -1786.153076 23 35
458755.025043 6787627.664994 -1785.536377 24 35
457705.025043 6787677.664994 -1899.470459 3 36
457755.025043 6787677.664994 -1884.906982 4 36
457805.025043 6787677.664994 -1879.881592 5 36
457855.025043 6787677.664994 -1884.521484 6 36
457905.025043 6787677.664994 -1895.589844 7 36
457955.025043 6787677.664994 -1886.674805 8 36
458005.025043 6787677.664994 -1877.772095 9 36
458055.025043 6787677.664994 -1862.652954 10 36
458105.025043 6787677.664994 -1869.119751 11 36
458155.025043 6787677.664994 -1865.477417 12 36
458205.025043 6787677.664994 -1852.983887 13 36
458255.025043 6787677.664994 -1847.208374 14 36
458305.025043 6787677.664994 -1840.198608 15 36
458355.025043 6787677.664994 -1829.919678 16 36
458405.025043 6787677.664994 -1824.963745 17 36
458455.025043 6787677.664994 -1816.137329 18 36
458505.025043 6787677.664994 -1809.058350 19 36
458555.025043 6787677.664994 -1805.685547 20 36
458605.025043 6787677.664994 -1804.489868 21 36
458655.025043 6787677.664994 -1795.490479 22 36
458705.025043 6787677.664994 -1788.276001 23 36
458755.025043 6787677.664994 -1787.266968 24 36
457755.025043 6787727.664994 -1877.020874 4 37
457805.025043 6787727.664994 -1863.633667 5 37
457855.025043 6787727.664994 -1865.403320 6 37
457905.025043 6787727.664994 -1862.702148 7 37
457955.025043 6787727.664994 -1889.862427 8 37
458005.025043 6787727.664994 -1881.335327 9 37
458055.025043 6787727.664994 -1864.777588 10 37
458105.025043 6787727.664994 -1866.587036 11 37
458155.025043 6787727.664994 -1872.416626 12 37
458205.025043 6787727.664994 -1865.603638 13 37
458255.025043 6787727.664994 -1852.407104 14 37
458305.025043 6787727.664994 -1838.978516 15 37
458355.025043 6787727.664994 -1834.467285 16 37
458405.025043 6787727.664994 -1830.099365 17 37
458455.025043 6787727.664994 -1820.189209 18 37
458505.025043 6787727.664994 -1807.862915 19 37
458555.025043 6787727.664994 -1805.489868 20 37
458605.025043 6787727.664994 -1801.481689 21 37
458655.025043 6787727.664994 -1793.731445 22 37
458705.025043 6787727.664994 -1788.573486 23 37
458755.025043 6787727.664994 -1787.503662 24 37
457805.025043 6787777.664994 -1869.334839 5 38
457855.025043 6787777.664994 -1870.431396 6 38
457905.025043 6787777.664994 -1879.591553 7 38
457955.025043 6787777.664994 -1905.528931 8 38
458005.025043 6787777.664994 -1905.329346 9 38
458055.025043 6787777.664994 -1888.144287 10 38
458105.025043 6787777.664994 -1864.172485 11 38
458155.025043 6787777.664994 -1863.580688 12 38
458205.025043 6787777.664994 -1864.367798 13 38
458255.025043 6787777.664994 -1859.151733 14 38
458305.025043 6787777.664994 -1846.190674 15 38
458355.025043 6787777.664994 -1838.409912 16 38
458405.025043 6787777.664994 -1832.097778 17 38
458455.025043 6787777.664994 -1824.827393 18 38
458505.025043 6787777.664994 -1808.401978 19 38
458555.025043 6787777.664994 -1810.615356 20 38
458605.025043 6787777.664994 -1804.137085 21 38
458655.025043 6787777.664994 -1795.098267 22 38
458705.025043 6787777.664994 -1789.005859 23 38
458755.025043 6787777.664994 -1790.251709 24 38
457855.025043 6787827.664994 -1879.863159 6 39
457905.025043 6787827.664994 -1891.712036 7 39
457955.025043 6787827.664994 -1907.595459 8 39
458005.025043 6787827.664994 -1899.868774 9 39
458055.025043 6787827.664994 -1886.668457 10 39
458105.025043 6787827.664994 -1868.426514 11 39
458155.025043 6787827.664994 -1860.676025 12 39
458205.025043 6787827.664994 -1860.088135 13 39
458255.025043 6787827.664994 -1858.939209 14 39
458305.025043 6787827.664994 -1854.377319 15 39
458355.025043 6787827.664994 -1843.969482 16 39
458405.025043 6787827.664994 -1838.432495 17 39
458455.025043 6787827.664994 -1831.316406 18 39
458505.025043 6787827.664994 -1825.894897 19 39
458555.025043 6787827.664994 -1832.801514 20 39
458605.025043 6787827.664994 -1822.701294 21 39
458655.025043 6787827.664994 -1808.784912 22 39
457855.025043 6787877.664994 -1884.354248 6 40
457905.025043 6787877.664994 -1896.187012 7 40
457955.025043 6787877.664994 -1907.281372 8 40
458005.025043 6787877.664994 -1903.755981 9 40
458055.025043 6787877.664994 -1896.674316 10 40
458105.025043 6787877.664994 -1875.744141 11 40
458155.025043 6787877.664994 -1867.121338 12 40
458205.025043 6787877.664994 -1865.963501 13 40
458255.025043 6787877.664994 -1862.471313 14 40
458305.025043 6787877.664994 -1856.298096 15 40
458355.025043 6787877.664994 -1851.284302 16 40
458405.025043 6787877.664994 -1844.420410 17 40
458455.025043 6787877.664994 -1836.803345 18 40
458505.025043 6787877.664994 -1830.571899 19 40
458555.025043 6787877.664994 -1833.742188 20 40
458605.025043 6787877.664994 -1824.550903 21 40
457855.025043 6787927.664994 -1883.401001 6 41
457905.025043 6787927.664994 -1897.873047 7 41
457955.025043 6787927.664994 -1912.334351 8 41
458005.025043 6787927.664994 -1915.192505 9 41
458055.025043 6787927.664994 -1911.405029 10 41
458105.025043 6787927.664994 -1899.948120 11 41
458155.025043 6787927.664994 -1885.868408 12 41
458205.025043 6787927.664994 -1878.494873 13 41
458255.025043 6787927.664994 -1871.465088 14 41
458305.025043 6787927.664994 -1859.633057 15 41
458355.025043 6787927.664994 -1855.383423 16 41
458405.025043 6787927.664994 -1853.037109 17 41
458455.025043 6787927.664994 -1845.574463 18 41
458505.025043 6787927.664994 -1838.366577 19 41
458555.025043 6787927.664994 -1833.996338 20 41
458605.025043 6787927.664994 -1821.141724 21 41
457905.025043 6787977.664994 -1897.118042 7 42
457955.025043 6787977.664994 -1917.890381 8 42
458005.025043 6787977.664994 -1921.715088 9 42
458055.025043 6787977.664994 -1917.703491 10 42
458105.025043 6787977.664994 -1909.729614 11 42
458155.025043 6787977.664994 -1899.476196 12 42
458205.025043 6787977.664994 -1887.600098 13 42
458255.025043 6787977.664994 -1881.403320 14 42
458305.025043 6787977.664994 -1862.718140 15 42
458355.025043 6787977.664994 -1863.335815 16 42
458405.025043 6787977.664994 -1864.921509 17 42
458455.025043 6787977.664994 -1863.916260 18 42
458505.025043 6787977.664994 -1852.970581 19 42
458555.025043 6787977.664994 -1842.224609 20 42
458605.025043 6787977.664994 -1824.157837 21 42
457905.025043 6788027.664994 -1893.642822 7 43
457955.025043 6788027.664994 -1919.812988 8 43
458005.025043 6788027.664994 -1913.171143 9 43
458055.025043 6788027.664994 -1901.099121 10 43
458105.025043 6788027.664994 -1900.009521 11 43
458155.025043 6788027.664994 -1894.632813 12 43
458205.025043 6788027.664994 -1887.298828 13 43
458255.025043 6788027.664994 -1887.249268 14 43
458305.025043 6788027.664994 -1884.259277 15 43
458355.025043 6788027.664994 -1871.755005 16 43
458405.025043 6788027.664994 -1866.651733 17 43
458455.025043 6788027.664994 -1866.116333 18 43
458505.025043 6788027.664994 -1852.424438 19 43
458555.025043 6788027.664994 -1852.218994 20 43
457955.025043 6788077.664994 -1906.704590 8 44
458005.025043 6788077.664994 -1910.010986 9 44
458055.025043 6788077.664994 -1906.111206 10 44
458105.025043 6788077.664994 -1914.354614 11 44
458155.025043 6788077.664994 -1899.877441 12 44
458205.025043 6788077.664994 -1887.171753 13 44
458255.025043 6788077.664994 -1891.442627 14 44
458305.025043 6788077.664994 -1891.774292 15 44
458355.025043 6788077.664994 -1882.673706 16 44
458405.025043 6788077.664994 -1874.222656 17 44
458455.025043 6788077.664994 -1868.467407 18 44
458505.025043 6788077.664994 -1861.565308 19 44
458555.025043 6788077.664994 -1857.162720 20 44
458605.025043 6788077.664994 -1848.602051 21 44
457955.025043 6788127.664994 -1917.830566 8 45
458005.025043 6788127.664994 -1926.924072 9 45
458055.025043 6788127.664994 -1929.251099 10 45
458105.025043 6788127.664994 -1921.703857 11 45
458155.025043 6788127.664994 -1913.205200 12 45
458205.025043 6788127.664994 -1896.707031 13 45
458255.025043 6788127.664994 -1897.488037 14 45
458305.025043 6788127.664994 -1896.176636 15 45
458355.025043 6788127.664994 -1888.377686 16 45
458405.025043 6788127.664994 -1880.298584 17 45
458455.025043 6788127.664994 -1873.880737 18 45
458505.025043 6788127.664994 -1869.006470 19 45
458555.025043 6788127.664994 -1863.155029 20 45
458605.025043 6788127.664994 -1854.707031 21 45
458655.025043 6788127.664994 -1843.538330 22 45
458705.025043 6788127.664994 -1832.099854 23 45
457955.025043 6788177.664994 -1929.634155 8 46
458005.025043 6788177.664994 -1943.367554 9 46
458055.025043 6788177.664994 -1938.298828 10 46
458105.025043 6788177.664994 -1927.253418 11 46
458155.025043 6788177.664994 -1917.200684 12 46
458205.025043 6788177.664994 -1901.537964 13 46
458255.025043 6788177.664994 -1894.129395 14 46
458305.025043 6788177.664994 -1892.679932 15 46
458355.025043 6788177.664994 -1889.191650 16 46
458405.025043 6788177.664994 -1883.428833 17 46
458455.025043 6788177.664994 -1877.776489 18 46
458505.025043 6788177.664994 -1873.662598 19 46
458555.025043 6788177.664994 -1869.046997 20 46
458605.025043 6788177.664994 -1860.503296 21 46
458655.025043 6788177.664994 -1847.989990 22 46
458705.025043 6788177.664994 -1835.982666 23 46
458755.025043 6788177.664994 -1828.198120 24 46
458805.025043 6788177.664994 -1814.196899 25 46
458005.025043 6788227.664994 -1939.911255 9 47
458055.025043 6788227.664994 -1937.433838 10 47
458105.025043 6788227.664994 -1929.951660 11 47
458155.025043 6788227.664994 -1914.861694 12 47
458205.025043 6788227.664994 -1902.531494 13 47
458255.025043 6788227.664994 -1892.548096 14 47
458305.025043 6788227.664994 -1892.109497 15 47
458355.025043 6788227.664994 -1889.706909 16 47
458405.025043 6788227.664994 -1884.247314 17 47
458455.025043 6788227.664994 -1877.954590 18 47
458505.025043 6788227.664994 -1873.534912 19 47
458555.025043 6788227.664994 -1872.191650 20 47
458605.025043 6788227.664994 -1867.763306 21 47
458655.025043 6788227.664994 -1853.235229 22 47
458705.025043 6788227.664994 -1836.996338 23 47
458755.025043 6788227.664994 -1834.592407 24 47
458805.025043 6788227.664994 -1823.208252 25 47
458005.025043 6788277.664994 -1932.634521 9 48
458055.025043 6788277.664994 -1934.994995 10 48
458105.025043 6788277.664994 -1928.263916 11 48
458155.025043 6788277.664994 -1914.665771 12 48
458205.025043 6788277.664994 -1907.486206 13 48
458255.025043 6788277.664994 -1899.933960 14 48
458305.025043 6788277.664994 -1897.503784 15 48
458355.025043 6788277.664994 -1891.896362 16 48
458405.025043 6788277.664994 -1884.307495 17 48
458455.025043 6788277.664994 -1875.717163 18 48
458505.025043 6788277.664994 -1868.013672 19 48
458555.025043 6788277.664994 -1866.569580 20 48
458605.025043 6788277.664994 -1876.116699 21 48
458655.025043 6788277.664994 -1864.699341 22 48
458705.025043 6788277.664994 -1844.357910 23 48
458755.025043 6788277.664994 -1839.652222 24 48
458805.025043 6788277.664994 -1837.051025 25 48
458005.025043 6788327.664994 -1934.319946 9 49
458055.025043 6788327.664994 -1933.744629 10 49
458105.025043 6788327.664994 -1924.242798 11 49
458155.025043 6788327.664994 -1917.097168 12 49
458205.025043 6788327.664994 -1913.384033 13 49
458255.025043 6788327.664994 -1907.019775 14 49
458305.025043 6788327.664994 -1901.496948 15 49
458355.025043 6788327.664994 -1894.432373 16 49
458405.025043 6788327.664994 -1884.699829 17 49
458455.025043 6788327.664994 -1873.851685 18 49
458505.025043 6788327.664994 -1863.880127 19 49
458555.025043 6788327.664994 -1863.289795 20 49
458605.025043 6788327.664994 -1864.943604 21 49
458655.025043 6788327.664994 -1855.535645 22 49
458705.025043 6788327.664994 -1835.149780 23 49
458755.025043 6788327.664994 -1814.410400 24 49
458805.025043 6788327.664994 -1828.886597 25 49
458005.025043 6788377.664994 -1933.246460 9 50
458055.025043 6788377.664994 -1932.384521 10 50
458105.025043 6788377.664994 -1928.974487 11 50
458155.025043 6788377.664994 -1925.013428 12 50
458205.025043 6788377.664994 -1913.277710 13 50
458255.025043 6788377.664994 -1905.042480 14 50
458305.025043 6788377.664994 -1902.003418 15 50
458355.025043 6788377.664994 -1896.218628 16 50
458405.025043 6788377.664994 -1885.587769 17 50
458455.025043 6788377.664994 -1871.646484 18 50
458505.025043 6788377.664994 -1864.211060 19 50
458555.025043 6788377.664994 -1859.279175 20 50
458605.025043 6788377.664994 -1853.498535 21 50
458655.025043 6788377.664994 -1844.031494 22 50
458705.025043 6788377.664994 -1831.900269 23 50
458755.025043 6788377.664994 -1824.646362 24 50
458805.025043 6788377.664994 -1830.663086 25 50
458005.025043 6788427.664994 -1931.577148 9 51
458055.025043 6788427.664994 -1934.790771 10 51
458105.025043 6788427.664994 -1932.359863 11 51
458155.025043 6788427.664994 -1927.806885 12 51
458205.025043 6788427.664994 -1918.254639 13 51
458255.025043 6788427.664994 -1915.204712 14 51
458305.025043 6788427.664994 -1906.729248 15 51
458355.025043 6788427.664994 -1896.619263 16 51
458405.025043 6788427.664994 -1886.684204 17 51
458455.025043 6788427.664994 -1878.140625 18 51
458505.025043 6788427.664994 -1867.194092 19 51
458555.025043 6788427.664994 -1857.621216 20 51
458605.025043 6788427.664994 -1847.610474 21 51
458655.025043 6788427.664994 -1837.971313 22 51
458705.025043 6788427.664994 -1832.206055 23 51
458755.025043 6788427.664994 -1836.305542 24 51
458805.025043 6788427.664994 -1853.241211 25 51
458205.025043 6788477.664994 -1922.156250 13 52
458255.025043 6788477.664994 -1912.661011 14 52
458305.025043 6788477.664994 -1904.267456 15 52
458355.025043 6788477.664994 -1899.951050 16 52
458405.025043 6788477.664994 -1889.313721 17 52
458455.025043 6788477.664994 -1877.525635 18 52
458505.025043 6788477.664994 -1870.387207 19 52
458555.025043 6788477.664994 -1860.842896 20 52
458605.025043 6788477.664994 -1849.286377 21 52
458655.025043 6788477.664994 -1838.597412 22 52
458705.025043 6788477.664994 -1832.850464 23 52
458755.025043 6788477.664994 -1837.009888 24 52
458805.025043 6788477.664994 -1852.047241 25 52
458255.025043 6788527.664994 -1914.353516 14 53
458305.025043 6788527.664994 -1907.948242 15 53
458355.025043 6788527.664994 -1902.409546 16 53
458405.025043 6788527.664994 -1897.549927 17 53
458455.025043 6788527.664994 -1883.870483 18 53
458505.025043 6788527.664994 -1876.913086 19 53
458555.025043 6788527.664994 -1868.859375 20 53
458605.025043 6788527.664994 -1857.787842 21 53
458655.025043 6788527.664994 -1844.739502 22 53
458705.025043 6788527.664994 -1833.590210 23 53
458755.025043 6788527.664994 -1830.175293 24 53
458805.025043 6788527.664994 -1839.629272 25 53
458305.025043 6788577.664994 -1915.359985 15 54
458355.025043 6788577.664994 -1910.593994 16 54
458405.025043 6788577.664994 -1903.441895 17 54
458455.025043 6788577.664994 -1892.784058 18 54
458505.025043 6788577.664994 -1882.457642 19 54
458555.025043 6788577.664994 -1879.066528 20 54
458605.025043 6788577.664994 -1871.210449 21 54
458655.025043 6788577.664994 -1854.311890 22 54
458705.025043 6788577.664994 -1838.193848 23 54
458755.025043 6788577.664994 -1831.014038 24 54
458805.025043 6788577.664994 -1832.740601 25 54
458305.025043 6788627.664994 -1920.367188 15 55
458355.025043 6788627.664994 -1912.248779 16 55
458405.025043 6788627.664994 -1904.089966 17 55
458455.025043 6788627.664994 -1894.670776 18 55
458505.025043 6788627.664994 -1889.888306 19 55
458555.025043 6788627.664994 -1885.914917 20 55
458605.025043 6788627.664994 -1884.797241 21 55
458655.025043 6788627.664994 -1863.308716 22 55
458705.025043 6788627.664994 -1851.109009 23 55
458755.025043 6788627.664994 -1842.204956 24 55
458805.025043 6788627.664994 -1834.583618 25 55
458305.025043 6788677.664994 -1925.984009 15 56
458355.025043 6788677.664994 -1917.306030 16 56
458405.025043 6788677.664994 -1909.035522 17 56
458455.025043 6788677.664994 -1902.918579 18 56
458505.025043 6788677.664994 -1892.831665 19 56
458555.025043 6788677.664994 -1885.343872 20 56
458605.025043 6788677.664994 -1879.401733 21 56
458655.025043 6788677.664994 -1869.399536 22 56
458705.025043 6788677.664994 -1857.654053 23 56
458755.025043 6788677.664994 -1849.339600 24 56
458805.025043 6788677.664994 -1837.941040 25 56
458305.025043 6788727.664994 -1930.933105 15 57
458355.025043 6788727.664994 -1920.205811 16 57
458405.025043 6788727.664994 -1913.062134 17 57
458455.025043 6788727.664994 -1906.268066 18 57
458505.025043 6788727.664994 -1897.707031 19 57
458555.025043 6788727.664994 -1886.906860 20 57
458605.025043 6788727.664994 -1882.052002 21 57
458655.025043 6788727.664994 -1876.182495 22 57
458705.025043 6788727.664994 -1863.672119 23 57
458755.025043 6788727.664994 -1852.135010 24 57
458805.025043 6788727.664994 -1855.316406 25 57
458305.025043 6788777.664994 -1934.360474 15 58
458355.025043 6788777.664994 -1924.532349 16 58
458405.025043 6788777.664994 -1916.181030 17 58
458455.025043 6788777.664994 -1908.073242 18 58
458505.025043 6788777.664994 -1899.599976 19 58
458555.025043 6788777.664994 -1889.775146 20 58
458605.025043 6788777.664994 -1883.170532 21 58
458655.025043 6788777.664994 -1878.597046 22 58
458705.025043 6788777.664994 -1862.740356 23 58
458755.025043 6788777.664994 -1854.354492 24 58
458805.025043 6788777.664994 -1857.916870 25 58
458305.025043 6788827.664994 -1935.496582 15 59
458355.025043 6788827.664994 -1926.066040 16 59
458405.025043 6788827.664994 -1916.486206 17 59
458455.025043 6788827.664994 -1908.128418 18 59
458505.025043 6788827.664994 -1899.567505 19 59
458555.025043 6788827.664994 -1889.037964 20 59
458605.025043 6788827.664994 -1882.917236 21 59
458655.025043 6788827.664994 -1875.157593 22 59
458705.025043 6788827.664994 -1863.146362 23 59
458755.025043 6788827.664994 -1857.533813 24 59
458805.025043 6788827.664994 -1857.372314 25 59
458455.025043 6788877.664994 -1909.239746 18 60
458505.025043 6788877.664994 -1900.660034 19 60
458555.025043 6788877.664994 -1888.819946 20 60
458605.025043 6788877.664994 -1878.770386 21 60
458655.025043 6788877.664994 -1868.800293 22 60
458705.025043 6788877.664994 -1860.070068 23 60
458755.025043 6788877.664994 -1857.579102 24 60
458805.025043 6788877.664994 -1856.253540 25 60
