# Type: scattered data
# Version: 6
# Description: No description
# Format: free
# Field: 1 x
# Field: 2 y
# Field: 3 z milliseconds
# Field: 4 column
# Field: 5 row
# Projection: Local Rectangular
# Units: meters
# End:
# Information from grid:
# Grid_size: 21 x 40
# Grid_space: 457106.535052,458106.535052,6787679.934952,6789629.934952
# Scattered data: Not_available
# Z_field: z
# Vertical_faults: Not_available
# History: No history
# Z_units: milliseconds
457506.535052 6787729.934952 -1904.105103 9 2
457556.535052 6787729.934952 -1891.648926 10 2
457606.535052 6787729.934952 -1868.322876 11 2
457506.535052 6787779.934952 -1916.062256 9 3
457556.535052 6787779.934952 -1901.999023 10 3
457606.535052 6787779.934952 -1889.898193 11 3
457656.535052 6787779.934952 -1884.739258 12 3
457706.535052 6787779.934952 -1868.845703 13 3
457506.535052 6787829.934952 -1928.763428 9 4
457556.535052 6787829.934952 -1912.307129 10 4
457606.535052 6787829.934952 -1897.428467 11 4
457656.535052 6787829.934952 -1882.028564 12 4
457706.535052 6787829.934952 -1867.483887 13 4
457756.535052 6787829.934952 -1859.532837 14 4
457506.535052 6787879.934952 -1940.998291 9 5
457556.535052 6787879.934952 -1919.523193 10 5
457606.535052 6787879.934952 -1899.501953 11 5
457656.535052 6787879.934952 -1882.050293 12 5
457706.535052 6787879.934952 -1869.950195 13 5
457756.535052 6787879.934952 -1863.794678 14 5
457506.535052 6787929.934952 -1949.965088 9 6
457556.535052 6787929.934952 -1924.322510 10 6
457606.535052 6787929.934952 -1901.206055 11 6
457656.535052 6787929.934952 -1883.114990 12 6
457706.535052 6787929.934952 -1871.932373 13 6
457756.535052 6787929.934952 -1866.061035 14 6
457806.535052 6787929.934952 -1868.271484 15 6
457456.535052 6787979.934952 -1983.448975 8 7
457506.535052 6787979.934952 -1951.380615 9 7
457556.535052 6787979.934952 -1927.719238 10 7
457606.535052 6787979.934952 -1905.273315 11 7
457656.535052 6787979.934952 -1887.431763 12 7
457706.535052 6787979.934952 -1875.632202 13 7
457756.535052 6787979.934952 -1874.178345 14 7
457806.535052 6787979.934952 -1866.072998 15 7
457856.535052 6787979.934952 -1872.020508 16 7
457456.535052 6788029.934952 -1950.315430 8 8
457506.535052 6788029.934952 -1937.851074 9 8
457556.535052 6788029.934952 -1924.653198 10 8
457606.535052 6788029.934952 -1908.703979 11 8
457656.535052 6788029.934952 -1893.729736 12 8
457706.535052 6788029.934952 -1883.227539 13 8
457756.535052 6788029.934952 -1876.920898 14 8
457806.535052 6788029.934952 -1867.917847 15 8
457856.535052 6788029.934952 -1870.659790 16 8
457906.535052 6788029.934952 -1889.004761 17 8
457456.535052 6788079.934952 -1908.755615 8 9
457506.535052 6788079.934952 -1923.755249 9 9
457556.535052 6788079.934952 -1921.385010 10 9
457606.535052 6788079.934952 -1910.431641 11 9
457656.535052 6788079.934952 -1897.863281 12 9
457706.535052 6788079.934952 -1888.289185 13 9
457756.535052 6788079.934952 -1885.694214 14 9
457806.535052 6788079.934952 -1893.625366 15 9
457856.535052 6788079.934952 -1888.171143 16 9
457906.535052 6788079.934952 -1890.022095 17 9
457506.535052 6788129.934952 -1924.804321 9 10
457556.535052 6788129.934952 -1918.469482 10 10
457606.535052 6788129.934952 -1909.565308 11 10
457656.535052 6788129.934952 -1899.491821 12 10
457706.535052 6788129.934952 -1891.005249 13 10
457756.535052 6788129.934952 -1884.567261 14 10
457806.535052 6788129.934952 -1877.760376 15 10
457856.535052 6788129.934952 -1878.415894 16 10
457906.535052 6788129.934952 -1887.934326 17 10
457506.535052 6788179.934952 -1930.587524 9 11
457556.535052 6788179.934952 -1918.298218 10 11
457606.535052 6788179.934952 -1907.562378 11 11
457656.535052 6788179.934952 -1898.911865 12 11
457706.535052 6788179.934952 -1891.992188 13 11
457756.535052 6788179.934952 -1885.071655 14 11
457806.535052 6788179.934952 -1878.772827 15 11
457856.535052 6788179.934952 -1877.368896 16 11
457906.535052 6788179.934952 -1887.087280 17 11
457456.535052 6788229.934952 -1929.455078 8 12
457506.535052 6788229.934952 -1933.265137 9 12
457556.535052 6788229.934952 -1919.295044 10 12
457606.535052 6788229.934952 -1904.499512 11 12
457656.535052 6788229.934952 -1898.733765 12 12
457706.535052 6788229.934952 -1894.716431 13 12
457756.535052 6788229.934952 -1888.493164 14 12
457806.535052 6788229.934952 -1879.492065 15 12
457856.535052 6788229.934952 -1876.984131 16 12
457906.535052 6788229.934952 -1892.917114 17 12
457956.535052 6788229.934952 -1900.301025 18 12
457456.535052 6788279.934952 -1923.267090 8 13
457506.535052 6788279.934952 -1923.427246 9 13
457556.535052 6788279.934952 -1920.854370 10 13
457606.535052 6788279.934952 -1901.352783 11 13
457656.535052 6788279.934952 -1902.940430 12 13
457706.535052 6788279.934952 -1900.319458 13 13
457756.535052 6788279.934952 -1892.447754 14 13
457806.535052 6788279.934952 -1885.636475 15 13
457856.535052 6788279.934952 -1881.195313 16 13
457906.535052 6788279.934952 -1899.313965 17 13
457956.535052 6788279.934952 -1900.425415 18 13
457506.535052 6788329.934952 -1933.622314 9 14
457556.535052 6788329.934952 -1929.439575 10 14
457606.535052 6788329.934952 -1916.249878 11 14
457656.535052 6788329.934952 -1912.213379 12 14
457706.535052 6788329.934952 -1906.564697 13 14
457756.535052 6788329.934952 -1898.574951 14 14
457806.535052 6788329.934952 -1887.930298 15 14
457856.535052 6788329.934952 -1887.220947 16 14
457906.535052 6788329.934952 -1899.217163 17 14
457956.535052 6788329.934952 -1904.830811 18 14
457556.535052 6788379.934952 -1932.118774 10 15
457606.535052 6788379.934952 -1917.540771 11 15
457656.535052 6788379.934952 -1913.705811 12 15
457706.535052 6788379.934952 -1906.175781 13 15
457756.535052 6788379.934952 -1897.599487 14 15
457806.535052 6788379.934952 -1894.113525 15 15
457856.535052 6788379.934952 -1894.792236 16 15
457906.535052 6788379.934952 -1900.358765 17 15
457956.535052 6788379.934952 -1905.783813 18 15
457506.535052 6788429.934952 -1923.904053 9 16
457556.535052 6788429.934952 -1924.008667 10 16
457606.535052 6788429.934952 -1917.869141 11 16
457656.535052 6788429.934952 -1911.908447 12 16
457706.535052 6788429.934952 -1905.395996 13 16
457756.535052 6788429.934952 -1899.706177 14 16
457806.535052 6788429.934952 -1895.762207 15 16
457856.535052 6788429.934952 -1896.246338 16 16
457906.535052 6788429.934952 -1900.391846 17 16
457956.535052 6788429.934952 -1903.671631 18 16
457506.535052 6788479.934952 -1915.826416 9 17
457556.535052 6788479.934952 -1916.089355 10 17
457606.535052 6788479.934952 -1914.065918 11 17
457656.535052 6788479.934952 -1909.598633 12 17
457706.535052 6788479.934952 -1904.234619 13 17
457756.535052 6788479.934952 -1899.098389 14 17
457806.535052 6788479.934952 -1894.880005 15 17
457856.535052 6788479.934952 -1893.395142 16 17
457906.535052 6788479.934952 -1894.621094 17 17
457956.535052 6788479.934952 -1903.956299 18 17
458006.535052 6788479.934952 -1940.213867 19 17
457456.535052 6788529.934952 -1921.260864 8 18
457506.535052 6788529.934952 -1912.924194 9 18
457556.535052 6788529.934952 -1911.023926 10 18
457606.535052 6788529.934952 -1910.113281 11 18
457656.535052 6788529.934952 -1907.418945 12 18
457706.535052 6788529.934952 -1903.169678 13 18
457756.535052 6788529.934952 -1898.212646 14 18
457806.535052 6788529.934952 -1893.792358 15 18
457856.535052 6788529.934952 -1891.785034 16 18
457906.535052 6788529.934952 -1892.626343 17 18
457956.535052 6788529.934952 -1902.199463 18 18
458006.535052 6788529.934952 -1923.168213 19 18
457406.535052 6788579.934952 -1903.366577 7 19
457456.535052 6788579.934952 -1906.459473 8 19
457506.535052 6788579.934952 -1908.958740 9 19
457556.535052 6788579.934952 -1909.350098 10 19
457606.535052 6788579.934952 -1908.336182 11 19
457656.535052 6788579.934952 -1906.406250 12 19
457706.535052 6788579.934952 -1903.091553 13 19
457756.535052 6788579.934952 -1898.322754 14 19
457806.535052 6788579.934952 -1893.787476 15 19
457856.535052 6788579.934952 -1891.980103 16 19
457906.535052 6788579.934952 -1890.583496 17 19
457956.535052 6788579.934952 -1892.201782 18 19
458006.535052 6788579.934952 -1898.868164 19 19
457356.535052 6788629.934952 -1912.867310 6 20
457406.535052 6788629.934952 -1909.905884 7 20
457456.535052 6788629.934952 -1908.410034 8 20
457506.535052 6788629.934952 -1910.375610 9 20
457556.535052 6788629.934952 -1908.942627 10 20
457606.535052 6788629.934952 -1908.051025 11 20
457656.535052 6788629.934952 -1907.020996 12 20
457706.535052 6788629.934952 -1904.460938 13 20
457756.535052 6788629.934952 -1900.074219 14 20
457806.535052 6788629.934952 -1895.270996 15 20
457856.535052 6788629.934952 -1891.895264 16 20
457906.535052 6788629.934952 -1887.907349 17 20
457956.535052 6788629.934952 -1881.839478 18 20
458006.535052 6788629.934952 -1874.341919 19 20
458056.535052 6788629.934952 -1904.806763 20 20
457256.535052 6788679.934952 -1932.221313 4 21
457306.535052 6788679.934952 -1927.177979 5 21
457356.535052 6788679.934952 -1921.537598 6 21
457406.535052 6788679.934952 -1917.039673 7 21
457456.535052 6788679.934952 -1913.873291 8 21
457506.535052 6788679.934952 -1913.273315 9 21
457556.535052 6788679.934952 -1907.887939 10 21
457606.535052 6788679.934952 -1909.548584 11 21
457656.535052 6788679.934952 -1909.296631 12 21
457706.535052 6788679.934952 -1906.020264 13 21
457756.535052 6788679.934952 -1903.277954 14 21
457806.535052 6788679.934952 -1898.461304 15 21
457856.535052 6788679.934952 -1888.531006 16 21
457906.535052 6788679.934952 -1884.579224 17 21
457956.535052 6788679.934952 -1886.063354 18 21
458006.535052 6788679.934952 -1879.785645 19 21
458056.535052 6788679.934952 -1896.033569 20 21
457256.535052 6788729.934952 -1934.708130 4 22
457306.535052 6788729.934952 -1932.062378 5 22
457356.535052 6788729.934952 -1928.742554 6 22
457406.535052 6788729.934952 -1924.828735 7 22
457456.535052 6788729.934952 -1918.467041 8 22
457506.535052 6788729.934952 -1908.641968 9 22
457556.535052 6788729.934952 -1905.016968 10 22
457606.535052 6788729.934952 -1913.778809 11 22
457656.535052 6788729.934952 -1912.189087 12 22
457706.535052 6788729.934952 -1904.816528 13 22
457756.535052 6788729.934952 -1907.307983 14 22
457806.535052 6788729.934952 -1903.249512 15 22
457856.535052 6788729.934952 -1880.781616 16 22
457906.535052 6788729.934952 -1878.466431 17 22
457956.535052 6788729.934952 -1881.061157 18 22
458006.535052 6788729.934952 -1881.688232 19 22
458056.535052 6788729.934952 -1892.204224 20 22
457256.535052 6788779.934952 -1937.791260 4 23
457306.535052 6788779.934952 -1934.611084 5 23
457356.535052 6788779.934952 -1934.568848 6 23
457406.535052 6788779.934952 -1932.286377 7 23
457456.535052 6788779.934952 -1926.398315 8 23
457506.535052 6788779.934952 -1915.480713 9 23
457556.535052 6788779.934952 -1915.657349 10 23
457606.535052 6788779.934952 -1913.853394 11 23
457656.535052 6788779.934952 -1910.005249 12 23
457706.535052 6788779.934952 -1904.083374 13 23
457756.535052 6788779.934952 -1902.238037 14 23
457806.535052 6788779.934952 -1896.266968 15 23
457856.535052 6788779.934952 -1879.183960 16 23
457906.535052 6788779.934952 -1880.096069 17 23
457956.535052 6788779.934952 -1879.542725 18 23
458006.535052 6788779.934952 -1880.858398 19 23
458056.535052 6788779.934952 -1887.260620 20 23
457256.535052 6788829.934952 -1942.742432 4 24
457306.535052 6788829.934952 -1931.733765 5 24
457356.535052 6788829.934952 -1941.037598 6 24
457406.535052 6788829.934952 -1937.588623 7 24
457456.535052 6788829.934952 -1931.195557 8 24
457506.535052 6788829.934952 -1925.780884 9 24
457556.535052 6788829.934952 -1920.480469 10 24
457606.535052 6788829.934952 -1917.690552 11 24
457656.535052 6788829.934952 -1910.157959 12 24
457706.535052 6788829.934952 -1903.137573 13 24
457756.535052 6788829.934952 -1899.674805 14 24
457806.535052 6788829.934952 -1891.413574 15 24
457856.535052 6788829.934952 -1880.704346 16 24
457906.535052 6788829.934952 -1875.961060 17 24
457956.535052 6788829.934952 -1876.771484 18 24
458006.535052 6788829.934952 -1878.019409 19 24
458056.535052 6788829.934952 -1881.344604 20 24
457356.535052 6788879.934952 -1946.155029 6 25
457406.535052 6788879.934952 -1938.969238 7 25
457456.535052 6788879.934952 -1933.885010 8 25
457506.535052 6788879.934952 -1929.878174 9 25
457556.535052 6788879.934952 -1924.943481 10 25
457606.535052 6788879.934952 -1921.127563 11 25
457656.535052 6788879.934952 -1913.318970 12 25
457706.535052 6788879.934952 -1905.653076 13 25
457756.535052 6788879.934952 -1900.469238 14 25
457806.535052 6788879.934952 -1891.098999 15 25
457856.535052 6788879.934952 -1880.544556 16 25
457906.535052 6788879.934952 -1877.579712 17 25
457956.535052 6788879.934952 -1877.663086 18 25
458006.535052 6788879.934952 -1876.312378 19 25
458056.535052 6788879.934952 -1876.024048 20 25
457306.535052 6788929.934952 -1953.480713 5 26
457356.535052 6788929.934952 -1948.448120 6 26
457406.535052 6788929.934952 -1940.708862 7 26
457456.535052 6788929.934952 -1936.854126 8 26
457506.535052 6788929.934952 -1935.868896 9 26
457556.535052 6788929.934952 -1930.162964 10 26
457606.535052 6788929.934952 -1924.349121 11 26
457656.535052 6788929.934952 -1915.880737 12 26
457706.535052 6788929.934952 -1907.688477 13 26
457756.535052 6788929.934952 -1900.659790 14 26
457806.535052 6788929.934952 -1893.331909 15 26
457856.535052 6788929.934952 -1889.867676 16 26
457906.535052 6788929.934952 -1889.684082 17 26
457956.535052 6788929.934952 -1881.078125 18 26
458006.535052 6788929.934952 -1875.550781 19 26
458056.535052 6788929.934952 -1872.161499 20 26
457306.535052 6788979.934952 -1956.518311 5 27
457356.535052 6788979.934952 -1948.871582 6 27
457406.535052 6788979.934952 -1947.727539 7 27
457456.535052 6788979.934952 -1945.931885 8 27
457506.535052 6788979.934952 -1943.572144 9 27
457556.535052 6788979.934952 -1934.705688 10 27
457606.535052 6788979.934952 -1927.591919 11 27
457656.535052 6788979.934952 -1917.816284 12 27
457706.535052 6788979.934952 -1909.327148 13 27
457756.535052 6788979.934952 -1901.916382 14 27
457806.535052 6788979.934952 -1889.934570 15 27
457856.535052 6788979.934952 -1885.398926 16 27
457906.535052 6788979.934952 -1889.990234 17 27
457956.535052 6788979.934952 -1880.151123 18 27
458006.535052 6788979.934952 -1874.479126 19 27
458056.535052 6788979.934952 -1872.723267 20 27
457306.535052 6789029.934952 -1966.367554 5 28
457356.535052 6789029.934952 -1961.318481 6 28
457406.535052 6789029.934952 -1950.753906 7 28
457456.535052 6789029.934952 -1948.573120 8 28
457506.535052 6789029.934952 -1943.758789 9 28
457556.535052 6789029.934952 -1937.281128 10 28
457606.535052 6789029.934952 -1930.305664 11 28
457656.535052 6789029.934952 -1920.637451 12 28
457706.535052 6789029.934952 -1910.951660 13 28
457756.535052 6789029.934952 -1900.450684 14 28
457806.535052 6789029.934952 -1889.262695 15 28
457856.535052 6789029.934952 -1871.667114 16 28
457906.535052 6789029.934952 -1875.896240 17 28
457956.535052 6789029.934952 -1879.361572 18 28
458006.535052 6789029.934952 -1873.962646 19 28
457306.535052 6789079.934952 -1958.796997 5 29
457356.535052 6789079.934952 -1962.254639 6 29
457406.535052 6789079.934952 -1951.475464 7 29
457456.535052 6789079.934952 -1948.252930 8 29
457506.535052 6789079.934952 -1940.916504 9 29
457556.535052 6789079.934952 -1931.916138 10 29
457606.535052 6789079.934952 -1928.843506 11 29
457656.535052 6789079.934952 -1924.028564 12 29
457706.535052 6789079.934952 -1915.979980 13 29
457756.535052 6789079.934952 -1906.163452 14 29
457806.535052 6789079.934952 -1896.235840 15 29
457856.535052 6789079.934952 -1878.469849 16 29
457906.535052 6789079.934952 -1878.188110 17 29
457956.535052 6789079.934952 -1879.058716 18 29
458006.535052 6789079.934952 -1875.274536 19 29
457306.535052 6789129.934952 -1961.310425 5 30
457356.535052 6789129.934952 -1951.558350 6 30
457406.535052 6789129.934952 -1956.129639 7 30
457456.535052 6789129.934952 -1949.409546 8 30
457506.535052 6789129.934952 -1933.260132 9 30
457556.535052 6789129.934952 -1923.478027 10 30
457606.535052 6789129.934952 -1928.585815 11 30
457656.535052 6789129.934952 -1924.309082 12 30
457706.535052 6789129.934952 -1916.287598 13 30
457756.535052 6789129.934952 -1906.138550 14 30
457806.535052 6789129.934952 -1892.535278 15 30
457856.535052 6789129.934952 -1880.718872 16 30
457906.535052 6789129.934952 -1882.826538 17 30
457956.535052 6789129.934952 -1881.679199 18 30
458006.535052 6789129.934952 -1876.840576 19 30
457306.535052 6789179.934952 -1947.075562 5 31
457356.535052 6789179.934952 -1943.340454 6 31
457406.535052 6789179.934952 -1935.680786 7 31
457456.535052 6789179.934952 -1939.468750 8 31
457506.535052 6789179.934952 -1938.846191 9 31
457556.535052 6789179.934952 -1930.179443 10 31
457606.535052 6789179.934952 -1926.116455 11 31
457656.535052 6789179.934952 -1925.478271 12 31
457706.535052 6789179.934952 -1913.933350 13 31
457756.535052 6789179.934952 -1905.858643 14 31
457806.535052 6789179.934952 -1903.665527 15 31
457856.535052 6789179.934952 -1885.411743 16 31
457906.535052 6789179.934952 -1888.736572 17 31
457956.535052 6789179.934952 -1885.279663 18 31
458006.535052 6789179.934952 -1877.757690 19 31
457306.535052 6789229.934952 -1964.780151 5 32
457356.535052 6789229.934952 -1946.113525 6 32
457406.535052 6789229.934952 -1939.661865 7 32
457456.535052 6789229.934952 -1937.951904 8 32
457506.535052 6789229.934952 -1936.938232 9 32
457556.535052 6789229.934952 -1929.863770 10 32
457606.535052 6789229.934952 -1924.290039 11 32
457656.535052 6789229.934952 -1920.832886 12 32
457706.535052 6789229.934952 -1907.689453 13 32
457756.535052 6789229.934952 -1900.616943 14 32
457806.535052 6789229.934952 -1897.858154 15 32
457856.535052 6789229.934952 -1890.841919 16 32
457906.535052 6789229.934952 -1889.586914 17 32
457956.535052 6789229.934952 -1885.734619 18 32
458006.535052 6789229.934952 -1877.560791 19 32
457306.535052 6789279.934952 -1961.632568 5 33
457356.535052 6789279.934952 -1951.690430 6 33
457406.535052 6789279.934952 -1951.371948 7 33
457456.535052 6789279.934952 -1947.776733 8 33
457506.535052 6789279.934952 -1942.528320 9 33
457556.535052 6789279.934952 -1936.859009 10 33
457606.535052 6789279.934952 -1929.730225 11 33
457656.535052 6789279.934952 -1920.025146 12 33
457706.535052 6789279.934952 -1904.568359 13 33
457756.535052 6789279.934952 -1901.836060 14 33
457806.535052 6789279.934952 -1890.805664 15 33
457856.535052 6789279.934952 -1882.104736 16 33
457906.535052 6789279.934952 -1881.489258 17 33
457956.535052 6789279.934952 -1879.503296 18 33
458006.535052 6789279.934952 -1874.552002 19 33
457306.535052 6789329.934952 -1958.107666 5 34
457356.535052 6789329.934952 -1951.200684 6 34
457406.535052 6789329.934952 -1949.826294 7 34
457456.535052 6789329.934952 -1946.387817 8 34
457506.535052 6789329.934952 -1940.474121 9 34
457556.535052 6789329.934952 -1935.695435 10 34
457606.535052 6789329.934952 -1929.311523 11 34
457656.535052 6789329.934952 -1908.139771 12 34
457706.535052 6789329.934952 -1907.508667 13 34
457756.535052 6789329.934952 -1898.583008 14 34
457806.535052 6789329.934952 -1886.244995 15 34
457856.535052 6789329.934952 -1877.034424 16 34
457906.535052 6789329.934952 -1875.162109 17 34
457956.535052 6789329.934952 -1873.900391 18 34
458006.535052 6789329.934952 -1870.824951 19 34
457306.535052 6789379.934952 -1959.776733 5 35
457356.535052 6789379.934952 -1950.256836 6 35
457406.535052 6789379.934952 -1946.579102 7 35
457456.535052 6789379.934952 -1947.934082 8 35
457506.535052 6789379.934952 -1942.595947 9 35
457556.535052 6789379.934952 -1935.275391 10 35
457606.535052 6789379.934952 -1926.002563 11 35
457656.535052 6789379.934952 -1913.271118 12 35
457706.535052 6789379.934952 -1900.029663 13 35
457756.535052 6789379.934952 -1888.091553 14 35
457806.535052 6789379.934952 -1880.974121 15 35
457856.535052 6789379.934952 -1873.054199 16 35
457906.535052 6789379.934952 -1872.335327 17 35
457956.535052 6789379.934952 -1871.296021 18 35
458006.535052 6789379.934952 -1868.567627 19 35
457306.535052 6789429.934952 -1958.061523 5 36
457356.535052 6789429.934952 -1951.144897 6 36
457406.535052 6789429.934952 -1943.506104 7 36
457456.535052 6789429.934952 -1941.090454 8 36
457506.535052 6789429.934952 -1938.776855 9 36
457556.535052 6789429.934952 -1929.876587 10 36
457606.535052 6789429.934952 -1922.058594 11 36
457656.535052 6789429.934952 -1911.399658 12 36
457706.535052 6789429.934952 -1901.134033 13 36
457756.535052 6789429.934952 -1890.845459 14 36
457806.535052 6789429.934952 -1885.731934 15 36
457856.535052 6789429.934952 -1877.474365 16 36
457906.535052 6789429.934952 -1875.908691 17 36
457956.535052 6789429.934952 -1872.890381 18 36
458006.535052 6789429.934952 -1868.651855 19 36
457306.535052 6789479.934952 -1960.993774 5 37
457356.535052 6789479.934952 -1954.072021 6 37
457406.535052 6789479.934952 -1944.666504 7 37
457456.535052 6789479.934952 -1944.176270 8 37
457506.535052 6789479.934952 -1932.957275 9 37
457556.535052 6789479.934952 -1920.484741 10 37
457606.535052 6789479.934952 -1912.762939 11 37
457656.535052 6789479.934952 -1912.145264 12 37
457706.535052 6789479.934952 -1901.958252 13 37
457756.535052 6789479.934952 -1891.506836 14 37
457806.535052 6789479.934952 -1889.330933 15 37
457856.535052 6789479.934952 -1883.252563 16 37
457906.535052 6789479.934952 -1882.357056 17 37
457956.535052 6789479.934952 -1876.662109 18 37
458006.535052 6789479.934952 -1870.160034 19 37
457306.535052 6789529.934952 -1964.534424 5 38
457356.535052 6789529.934952 -1958.473999 6 38
457406.535052 6789529.934952 -1953.368408 7 38
457456.535052 6789529.934952 -1947.167236 8 38
457506.535052 6789529.934952 -1924.557129 9 38
457556.535052 6789529.934952 -1916.430054 10 38
457606.535052 6789529.934952 -1909.150513 11 38
457656.535052 6789529.934952 -1911.597900 12 38
457706.535052 6789529.934952 -1910.047119 13 38
457756.535052 6789529.934952 -1901.838989 14 38
457806.535052 6789529.934952 -1897.160034 15 38
457856.535052 6789529.934952 -1887.319336 16 38
457906.535052 6789529.934952 -1885.263672 17 38
457956.535052 6789529.934952 -1878.594482 18 38
458006.535052 6789529.934952 -1871.188110 19 38
457306.535052 6789579.934952 -1969.265503 5 39
457356.535052 6789579.934952 -1961.773682 6 39
457406.535052 6789579.934952 -1956.164795 7 39
457456.535052 6789579.934952 -1955.403809 8 39
457506.535052 6789579.934952 -1947.051147 9 39
457556.535052 6789579.934952 -1944.818848 10 39
457606.535052 6789579.934952 -1930.054932 11 39
457656.535052 6789579.934952 -1920.066772 12 39
457706.535052 6789579.934952 -1917.374268 13 39
457756.535052 6789579.934952 -1904.244019 14 39
457806.535052 6789579.934952 -1899.541016 15 39
457856.535052 6789579.934952 -1889.315918 16 39
457906.535052 6789579.934952 -1884.185791 17 39
457956.535052 6789579.934952 -1877.976196 18 39
458006.535052 6789579.934952 -1871.136841 19 39
