# Type: scattered data
# Version: 6
# Description: No description
# Format: free
# Field: 1 x
# Field: 2 y
# Field: 3 z milliseconds
# Field: 4 column
# Field: 5 row
# Projection: Local Rectangular
# Units: meters
# End:
# Information from grid:
# Grid_size: 33 x 15
# Grid_space: 454983.171771,456583.171771,6781554.853165,6782254.853165
# Scattered data: Not_available
# Z_field: z
# Vertical_faults: Not_available
# History: No history
# Z_units: milliseconds
455133.171771 6781604.853165 -1876.503418 4 2
455183.171771 6781604.853165 -1865.960938 5 2
455233.171771 6781604.853165 -1866.784668 6 2
455283.171771 6781604.853165 -1876.611572 7 2
455333.171771 6781604.853165 -1861.079102 8 2
455383.171771 6781604.853165 -1865.036377 9 2
455433.171771 6781604.853165 -1876.888428 10 2
455483.171771 6781604.853165 -1869.099609 11 2
455133.171771 6781654.853165 -1882.279053 4 3
455183.171771 6781654.853165 -1868.004395 5 3
455233.171771 6781654.853165 -1865.979248 6 3
455283.171771 6781654.853165 -1868.188721 7 3
455333.171771 6781654.853165 -1861.139282 8 3
455383.171771 6781654.853165 -1866.720703 9 3
455433.171771 6781654.853165 -1872.913452 10 3
455483.171771 6781654.853165 -1873.398560 11 3
455533.171771 6781654.853165 -1873.722778 12 3
455583.171771 6781654.853165 -1883.039551 13 3
455633.171771 6781654.853165 -1875.146973 14 3
455083.171771 6781704.853165 -1883.470581 3 4
455133.171771 6781704.853165 -1880.323364 4 4
455183.171771 6781704.853165 -1879.015991 5 4
455233.171771 6781704.853165 -1870.315552 6 4
455283.171771 6781704.853165 -1874.865112 7 4
455333.171771 6781704.853165 -1876.009644 8 4
455383.171771 6781704.853165 -1874.018433 9 4
455433.171771 6781704.853165 -1871.306030 10 4
455483.171771 6781704.853165 -1871.589111 11 4
455533.171771 6781704.853165 -1874.661011 12 4
455583.171771 6781704.853165 -1875.796387 13 4
455633.171771 6781704.853165 -1872.794189 14 4
455683.171771 6781704.853165 -1867.693237 15 4
455733.171771 6781704.853165 -1863.543579 16 4
455083.171771 6781754.853165 -1885.439331 3 5
455133.171771 6781754.853165 -1881.582031 4 5
455183.171771 6781754.853165 -1898.140747 5 5
455233.171771 6781754.853165 -1889.739746 6 5
455283.171771 6781754.853165 -1886.238403 7 5
455333.171771 6781754.853165 -1899.154053 8 5
455383.171771 6781754.853165 -1882.806519 9 5
455433.171771 6781754.853165 -1885.923218 10 5
455483.171771 6781754.853165 -1876.796021 11 5
455533.171771 6781754.853165 -1886.802368 12 5
455583.171771 6781754.853165 -1872.364014 13 5
455633.171771 6781754.853165 -1870.194336 14 5
455683.171771 6781754.853165 -1866.808594 15 5
455733.171771 6781754.853165 -1861.975342 16 5
455783.171771 6781754.853165 -1862.450195 17 5
455083.171771 6781804.853165 -1889.411133 3 6
455133.171771 6781804.853165 -1892.558716 4 6
455183.171771 6781804.853165 -1892.055176 5 6
455233.171771 6781804.853165 -1880.344238 6 6
455283.171771 6781804.853165 -1883.613403 7 6
455333.171771 6781804.853165 -1890.076050 8 6
455383.171771 6781804.853165 -1879.954956 9 6
455433.171771 6781804.853165 -1883.214966 10 6
455483.171771 6781804.853165 -1883.333374 11 6
455533.171771 6781804.853165 -1887.268433 12 6
455583.171771 6781804.853165 -1875.777710 13 6
455633.171771 6781804.853165 -1868.333496 14 6
455683.171771 6781804.853165 -1865.750610 15 6
455733.171771 6781804.853165 -1863.789185 16 6
455783.171771 6781804.853165 -1864.543579 17 6
455833.171771 6781804.853165 -1867.713379 18 6
455883.171771 6781804.853165 -1868.569580 19 6
455033.171771 6781854.853165 -1889.760864 2 7
455083.171771 6781854.853165 -1888.591187 3 7
455133.171771 6781854.853165 -1891.872925 4 7
455183.171771 6781854.853165 -1887.522095 5 7
455233.171771 6781854.853165 -1879.657837 6 7
455283.171771 6781854.853165 -1880.386719 7 7
455333.171771 6781854.853165 -1882.201904 8 7
455383.171771 6781854.853165 -1882.015137 9 7
455433.171771 6781854.853165 -1884.907715 10 7
455483.171771 6781854.853165 -1887.885864 11 7
455533.171771 6781854.853165 -1880.594238 12 7
455583.171771 6781854.853165 -1877.894897 13 7
455633.171771 6781854.853165 -1864.615479 14 7
455683.171771 6781854.853165 -1866.770508 15 7
455733.171771 6781854.853165 -1867.197144 16 7
455783.171771 6781854.853165 -1866.817261 17 7
455833.171771 6781854.853165 -1864.348022 18 7
455883.171771 6781854.853165 -1872.172119 19 7
455933.171771 6781854.853165 -1875.653809 20 7
455983.171771 6781854.853165 -1874.630127 21 7
455033.171771 6781904.853165 -1884.040039 2 8
455083.171771 6781904.853165 -1884.192261 3 8
455133.171771 6781904.853165 -1885.793701 4 8
455183.171771 6781904.853165 -1883.833984 5 8
455233.171771 6781904.853165 -1881.048340 6 8
455283.171771 6781904.853165 -1880.229736 7 8
455333.171771 6781904.853165 -1880.687256 8 8
455383.171771 6781904.853165 -1882.360107 9 8
455433.171771 6781904.853165 -1884.235352 10 8
455483.171771 6781904.853165 -1885.087891 11 8
455533.171771 6781904.853165 -1881.747681 12 8
455583.171771 6781904.853165 -1877.630249 13 8
455633.171771 6781904.853165 -1874.061401 14 8
455683.171771 6781904.853165 -1875.695068 15 8
455733.171771 6781904.853165 -1872.231079 16 8
455783.171771 6781904.853165 -1870.005249 17 8
455833.171771 6781904.853165 -1865.208130 18 8
455883.171771 6781904.853165 -1873.844116 19 8
455933.171771 6781904.853165 -1876.555786 20 8
455983.171771 6781904.853165 -1873.155396 21 8
456033.171771 6781904.853165 -1870.812134 22 8
456083.171771 6781904.853165 -1867.695679 23 8
455033.171771 6781954.853165 -1882.265015 2 9
455083.171771 6781954.853165 -1884.176514 3 9
455133.171771 6781954.853165 -1882.982300 4 9
455183.171771 6781954.853165 -1881.719116 5 9
455233.171771 6781954.853165 -1881.918457 6 9
455283.171771 6781954.853165 -1882.414307 7 9
455333.171771 6781954.853165 -1882.522705 8 9
455383.171771 6781954.853165 -1882.446289 9 9
455433.171771 6781954.853165 -1881.803955 10 9
455483.171771 6781954.853165 -1881.427490 11 9
455533.171771 6781954.853165 -1881.110352 12 9
455583.171771 6781954.853165 -1875.653931 13 9
455633.171771 6781954.853165 -1884.099609 14 9
455683.171771 6781954.853165 -1885.348389 15 9
455733.171771 6781954.853165 -1874.617065 16 9
455783.171771 6781954.853165 -1873.612061 17 9
455833.171771 6781954.853165 -1865.960815 18 9
455883.171771 6781954.853165 -1875.668335 19 9
455933.171771 6781954.853165 -1877.910645 20 9
455983.171771 6781954.853165 -1870.171631 21 9
456033.171771 6781954.853165 -1868.970093 22 9
456083.171771 6781954.853165 -1868.682983 23 9
456133.171771 6781954.853165 -1861.336060 24 9
456183.171771 6781954.853165 -1855.440674 25 9
456233.171771 6781954.853165 -1849.297729 26 9
456283.171771 6781954.853165 -1865.440918 27 9
456333.171771 6781954.853165 -1873.852417 28 9
456383.171771 6781954.853165 -1860.087158 29 9
455033.171771 6782004.853165 -1881.098267 2 10
455083.171771 6782004.853165 -1885.637207 3 10
455133.171771 6782004.853165 -1884.745239 4 10
455183.171771 6782004.853165 -1877.791748 5 10
455233.171771 6782004.853165 -1883.160400 6 10
455283.171771 6782004.853165 -1885.579102 7 10
455333.171771 6782004.853165 -1885.655518 8 10
455383.171771 6782004.853165 -1883.940918 9 10
455433.171771 6782004.853165 -1880.151367 10 10
455483.171771 6782004.853165 -1876.812988 11 10
455533.171771 6782004.853165 -1877.187744 12 10
455583.171771 6782004.853165 -1880.941650 13 10
455633.171771 6782004.853165 -1884.037598 14 10
455683.171771 6782004.853165 -1881.466187 15 10
455733.171771 6782004.853165 -1872.167725 16 10
455783.171771 6782004.853165 -1870.381592 17 10
455833.171771 6782004.853165 -1868.044312 18 10
455883.171771 6782004.853165 -1871.998413 19 10
455933.171771 6782004.853165 -1873.126221 20 10
455983.171771 6782004.853165 -1869.518677 21 10
456033.171771 6782004.853165 -1868.865601 22 10
456083.171771 6782004.853165 -1868.093994 23 10
456133.171771 6782004.853165 -1863.539673 24 10
456183.171771 6782004.853165 -1860.434326 25 10
456233.171771 6782004.853165 -1859.346191 26 10
456283.171771 6782004.853165 -1866.435059 27 10
456333.171771 6782004.853165 -1867.876831 28 10
456383.171771 6782004.853165 -1859.469727 29 10
456433.171771 6782004.853165 -1843.074585 30 10
455033.171771 6782054.853165 -1883.126587 2 11
455083.171771 6782054.853165 -1887.066528 3 11
455133.171771 6782054.853165 -1885.326660 4 11
455183.171771 6782054.853165 -1867.614868 5 11
455233.171771 6782054.853165 -1885.180786 6 11
455283.171771 6782054.853165 -1887.462402 7 11
455333.171771 6782054.853165 -1888.607910 8 11
455383.171771 6782054.853165 -1887.291992 9 11
455433.171771 6782054.853165 -1882.857422 10 11
455483.171771 6782054.853165 -1876.147705 11 11
455533.171771 6782054.853165 -1884.112061 12 11
455583.171771 6782054.853165 -1887.882690 13 11
455633.171771 6782054.853165 -1886.420288 14 11
455683.171771 6782054.853165 -1877.156738 15 11
455733.171771 6782054.853165 -1867.443481 16 11
455783.171771 6782054.853165 -1865.397705 17 11
455833.171771 6782054.853165 -1865.259277 18 11
455883.171771 6782054.853165 -1869.171143 19 11
455933.171771 6782054.853165 -1870.253906 20 11
455983.171771 6782054.853165 -1868.309448 21 11
456033.171771 6782054.853165 -1866.993896 22 11
456083.171771 6782054.853165 -1865.749756 23 11
456133.171771 6782054.853165 -1863.477905 24 11
456183.171771 6782054.853165 -1862.370605 25 11
456233.171771 6782054.853165 -1862.754761 26 11
456283.171771 6782054.853165 -1865.547974 27 11
456333.171771 6782054.853165 -1863.681519 28 11
456383.171771 6782054.853165 -1856.129272 29 11
456433.171771 6782054.853165 -1842.237183 30 11
456483.171771 6782054.853165 -1827.122559 31 11
455033.171771 6782104.853165 -1879.869019 2 12
455083.171771 6782104.853165 -1882.228271 3 12
455133.171771 6782104.853165 -1883.507813 4 12
455183.171771 6782104.853165 -1871.756348 5 12
455233.171771 6782104.853165 -1872.504761 6 12
455283.171771 6782104.853165 -1885.858032 7 12
455333.171771 6782104.853165 -1890.741333 8 12
455383.171771 6782104.853165 -1890.143921 9 12
455433.171771 6782104.853165 -1892.780151 10 12
455483.171771 6782104.853165 -1887.918579 11 12
455533.171771 6782104.853165 -1893.008423 12 12
455583.171771 6782104.853165 -1887.052490 13 12
455633.171771 6782104.853165 -1885.897827 14 12
455683.171771 6782104.853165 -1881.032837 15 12
455733.171771 6782104.853165 -1870.117798 16 12
455783.171771 6782104.853165 -1863.906982 17 12
455833.171771 6782104.853165 -1860.025024 18 12
455883.171771 6782104.853165 -1867.823730 19 12
455933.171771 6782104.853165 -1868.085205 20 12
455983.171771 6782104.853165 -1864.867188 21 12
456033.171771 6782104.853165 -1861.968750 22 12
456083.171771 6782104.853165 -1860.264404 23 12
456133.171771 6782104.853165 -1859.627686 24 12
456183.171771 6782104.853165 -1860.505127 25 12
456233.171771 6782104.853165 -1862.598267 26 12
456283.171771 6782104.853165 -1864.564575 27 12
456333.171771 6782104.853165 -1861.904541 28 12
456383.171771 6782104.853165 -1854.298462 29 12
456433.171771 6782104.853165 -1842.097534 30 12
456483.171771 6782104.853165 -1827.702026 31 12
455083.171771 6782154.853165 -1881.454834 3 13
455133.171771 6782154.853165 -1885.051025 4 13
455183.171771 6782154.853165 -1880.426758 5 13
455233.171771 6782154.853165 -1873.759155 6 13
455283.171771 6782154.853165 -1894.010376 7 13
455333.171771 6782154.853165 -1890.761230 8 13
455383.171771 6782154.853165 -1888.647949 9 13
455433.171771 6782154.853165 -1896.668823 10 13
455483.171771 6782154.853165 -1898.963623 11 13
455533.171771 6782154.853165 -1894.600464 12 13
455583.171771 6782154.853165 -1882.976807 13 13
455633.171771 6782154.853165 -1883.454834 14 13
455683.171771 6782154.853165 -1889.100708 15 13
455733.171771 6782154.853165 -1874.470581 16 13
455783.171771 6782154.853165 -1865.699707 17 13
455833.171771 6782154.853165 -1860.545166 18 13
455883.171771 6782154.853165 -1870.102783 19 13
455283.171771 6782204.853165 -1890.742554 7 14
455333.171771 6782204.853165 -1895.129395 8 14
455383.171771 6782204.853165 -1899.041992 9 14
455433.171771 6782204.853165 -1906.223633 10 14
455483.171771 6782204.853165 -1908.251099 11 14
455533.171771 6782204.853165 -1901.126221 12 14
455583.171771 6782204.853165 -1891.043091 13 14
455633.171771 6782204.853165 -1889.152710 14 14
