# Type: scattered data
# Version: 6
# Description: No description
# Format: free
# Field: 1 x
# Field: 2 y
# Field: 3 z milliseconds
# Field: 4 column
# Field: 5 row
# Projection: Local Rectangular
# Units: meters
# End:
# Information from grid:
# Grid_size: 27 x 114
# Grid_space: 455750.314715,457050.314715,6784036.143693,6789686.143693
# Scattered data: Not_available
# Z_field: z
# Vertical_faults: Not_available
# History: No history
# Z_units: milliseconds
456250.314715 6784086.143693 -1808.438477 11 2
456300.314715 6784086.143693 -1794.671509 12 2
456350.314715 6784086.143693 -1788.992798 13 2
456400.314715 6784086.143693 -1784.702759 14 2
456450.314715 6784086.143693 -1778.943604 15 2
456500.314715 6784086.143693 -1767.924316 16 2
456550.314715 6784086.143693 -1762.944458 17 2
456200.314715 6784136.143693 -1800.330444 10 3
456250.314715 6784136.143693 -1784.768188 11 3
456300.314715 6784136.143693 -1782.800781 12 3
456350.314715 6784136.143693 -1775.512573 13 3
456400.314715 6784136.143693 -1772.170410 14 3
456450.314715 6784136.143693 -1767.111572 15 3
456500.314715 6784136.143693 -1763.325073 16 3
456550.314715 6784136.143693 -1748.831543 17 3
456600.314715 6784136.143693 -1742.084229 18 3
456650.314715 6784136.143693 -1739.007813 19 3
456700.314715 6784136.143693 -1727.421753 20 3
456200.314715 6784186.143693 -1809.421631 10 4
456250.314715 6784186.143693 -1795.621948 11 4
456300.314715 6784186.143693 -1793.798218 12 4
456350.314715 6784186.143693 -1786.233154 13 4
456400.314715 6784186.143693 -1782.957642 14 4
456450.314715 6784186.143693 -1777.152466 15 4
456500.314715 6784186.143693 -1771.987183 16 4
456550.314715 6784186.143693 -1755.243652 17 4
456600.314715 6784186.143693 -1745.098633 18 4
456650.314715 6784186.143693 -1738.389282 19 4
456700.314715 6784186.143693 -1727.507568 20 4
456150.314715 6784236.143693 -1837.543091 9 5
456200.314715 6784236.143693 -1834.830322 10 5
456250.314715 6784236.143693 -1823.240234 11 5
456300.314715 6784236.143693 -1820.920288 12 5
456350.314715 6784236.143693 -1810.314453 13 5
456400.314715 6784236.143693 -1808.271606 14 5
456450.314715 6784236.143693 -1802.065552 15 5
456500.314715 6784236.143693 -1789.074707 16 5
456550.314715 6784236.143693 -1778.913696 17 5
456600.314715 6784236.143693 -1759.422119 18 5
456650.314715 6784236.143693 -1737.204346 19 5
456700.314715 6784236.143693 -1731.399292 20 5
456150.314715 6784286.143693 -1835.792603 9 6
456200.314715 6784286.143693 -1839.388550 10 6
456250.314715 6784286.143693 -1840.837158 11 6
456300.314715 6784286.143693 -1839.720093 12 6
456350.314715 6784286.143693 -1826.318359 13 6
456400.314715 6784286.143693 -1823.598755 14 6
456450.314715 6784286.143693 -1809.970703 15 6
456500.314715 6784286.143693 -1801.869629 16 6
456550.314715 6784286.143693 -1792.247192 17 6
456600.314715 6784286.143693 -1771.573364 18 6
456650.314715 6784286.143693 -1741.965698 19 6
456100.314715 6784336.143693 -1828.109497 8 7
456150.314715 6784336.143693 -1831.435913 9 7
456200.314715 6784336.143693 -1834.126343 10 7
456250.314715 6784336.143693 -1832.734253 11 7
456300.314715 6784336.143693 -1832.421997 12 7
456350.314715 6784336.143693 -1828.757446 13 7
456400.314715 6784336.143693 -1815.734375 14 7
456450.314715 6784336.143693 -1806.475464 15 7
456500.314715 6784336.143693 -1795.508057 16 7
456550.314715 6784336.143693 -1789.688965 17 7
456600.314715 6784336.143693 -1779.584961 18 7
456100.314715 6784386.143693 -1817.593506 8 8
456150.314715 6784386.143693 -1824.014160 9 8
456200.314715 6784386.143693 -1828.343750 10 8
456250.314715 6784386.143693 -1828.676392 11 8
456300.314715 6784386.143693 -1823.992554 12 8
456350.314715 6784386.143693 -1811.725830 13 8
456400.314715 6784386.143693 -1803.546265 14 8
456450.314715 6784386.143693 -1797.554932 15 8
456500.314715 6784386.143693 -1794.697998 16 8
456550.314715 6784386.143693 -1785.891113 17 8
456100.314715 6784436.143693 -1807.712036 8 9
456150.314715 6784436.143693 -1815.881348 9 9
456200.314715 6784436.143693 -1822.731079 10 9
456250.314715 6784436.143693 -1826.118530 11 9
456300.314715 6784436.143693 -1822.712036 12 9
456350.314715 6784436.143693 -1819.911743 13 9
456400.314715 6784436.143693 -1811.181030 14 9
456450.314715 6784436.143693 -1805.715942 15 9
456500.314715 6784436.143693 -1798.139160 16 9
456550.314715 6784436.143693 -1789.547974 17 9
456100.314715 6784486.143693 -1801.193237 8 10
456150.314715 6784486.143693 -1809.206177 9 10
456200.314715 6784486.143693 -1817.089966 10 10
456250.314715 6784486.143693 -1824.062988 11 10
456300.314715 6784486.143693 -1827.154419 12 10
456350.314715 6784486.143693 -1822.454224 13 10
456400.314715 6784486.143693 -1815.210449 14 10
456450.314715 6784486.143693 -1804.133789 15 10
456500.314715 6784486.143693 -1794.519897 16 10
456550.314715 6784486.143693 -1792.809326 17 10
456100.314715 6784536.143693 -1802.082520 8 11
456150.314715 6784536.143693 -1806.976685 9 11
456200.314715 6784536.143693 -1812.418579 10 11
456250.314715 6784536.143693 -1810.777466 11 11
456300.314715 6784536.143693 -1812.651733 12 11
456350.314715 6784536.143693 -1813.285522 13 11
456400.314715 6784536.143693 -1802.920532 14 11
456450.314715 6784536.143693 -1795.384521 15 11
456500.314715 6784536.143693 -1797.596924 16 11
456550.314715 6784536.143693 -1795.187012 17 11
456050.314715 6784586.143693 -1823.447754 7 12
456100.314715 6784586.143693 -1814.555786 8 12
456150.314715 6784586.143693 -1812.835693 9 12
456200.314715 6784586.143693 -1812.068726 10 12
456250.314715 6784586.143693 -1808.902832 11 12
456300.314715 6784586.143693 -1807.646118 12 12
456350.314715 6784586.143693 -1808.023560 13 12
456400.314715 6784586.143693 -1806.757202 14 12
456450.314715 6784586.143693 -1800.114014 15 12
456500.314715 6784586.143693 -1795.450928 16 12
456550.314715 6784586.143693 -1792.328857 17 12
456050.314715 6784636.143693 -1840.420166 7 13
456100.314715 6784636.143693 -1842.241455 8 13
456150.314715 6784636.143693 -1828.611084 9 13
456200.314715 6784636.143693 -1818.704956 10 13
456250.314715 6784636.143693 -1811.606323 11 13
456300.314715 6784636.143693 -1807.235107 12 13
456350.314715 6784636.143693 -1805.700073 13 13
456400.314715 6784636.143693 -1805.206909 14 13
456450.314715 6784636.143693 -1801.857056 15 13
456500.314715 6784636.143693 -1802.383423 16 13
456550.314715 6784636.143693 -1802.827881 17 13
456050.314715 6784686.143693 -1861.091553 7 14
456100.314715 6784686.143693 -1854.518555 8 14
456150.314715 6784686.143693 -1841.101318 9 14
456200.314715 6784686.143693 -1827.377441 10 14
456250.314715 6784686.143693 -1816.616089 11 14
456300.314715 6784686.143693 -1809.513916 12 14
456350.314715 6784686.143693 -1805.792236 13 14
456400.314715 6784686.143693 -1805.889771 14 14
456450.314715 6784686.143693 -1813.039429 15 14
456500.314715 6784686.143693 -1820.401855 16 14
456550.314715 6784686.143693 -1814.034790 17 14
456050.314715 6784736.143693 -1880.190186 7 15
456100.314715 6784736.143693 -1864.053711 8 15
456150.314715 6784736.143693 -1849.489502 9 15
456200.314715 6784736.143693 -1835.420410 10 15
456250.314715 6784736.143693 -1823.298340 11 15
456300.314715 6784736.143693 -1814.496948 12 15
456350.314715 6784736.143693 -1809.858276 13 15
456400.314715 6784736.143693 -1805.778687 14 15
456450.314715 6784736.143693 -1802.690796 15 15
456500.314715 6784736.143693 -1813.550903 16 15
456550.314715 6784736.143693 -1811.342407 17 15
456600.314715 6784736.143693 -1806.581055 18 15
456100.314715 6784786.143693 -1870.129883 8 16
456150.314715 6784786.143693 -1856.227783 9 16
456200.314715 6784786.143693 -1842.737793 10 16
456250.314715 6784786.143693 -1830.802246 11 16
456300.314715 6784786.143693 -1821.505493 12 16
456350.314715 6784786.143693 -1816.657593 13 16
456400.314715 6784786.143693 -1811.932129 14 16
456450.314715 6784786.143693 -1807.067505 15 16
456500.314715 6784786.143693 -1806.847778 16 16
456550.314715 6784786.143693 -1808.725830 17 16
456600.314715 6784786.143693 -1806.426880 18 16
456100.314715 6784836.143693 -1874.683105 8 17
456150.314715 6784836.143693 -1861.237061 9 17
456200.314715 6784836.143693 -1849.313965 10 17
456250.314715 6784836.143693 -1838.808838 11 17
456300.314715 6784836.143693 -1830.026611 12 17
456350.314715 6784836.143693 -1822.762695 13 17
456400.314715 6784836.143693 -1818.889282 14 17
456450.314715 6784836.143693 -1814.012817 15 17
456500.314715 6784836.143693 -1809.517456 16 17
456550.314715 6784836.143693 -1807.720581 17 17
456600.314715 6784836.143693 -1806.955322 18 17
456150.314715 6784886.143693 -1863.706299 9 18
456200.314715 6784886.143693 -1855.192871 10 18
456250.314715 6784886.143693 -1846.273071 11 18
456300.314715 6784886.143693 -1839.377686 12 18
456350.314715 6784886.143693 -1824.376099 13 18
456400.314715 6784886.143693 -1815.978516 14 18
456450.314715 6784886.143693 -1814.304443 15 18
456500.314715 6784886.143693 -1813.612549 16 18
456550.314715 6784886.143693 -1810.172485 17 18
456600.314715 6784886.143693 -1809.418823 18 18
456650.314715 6784886.143693 -1816.315186 19 18
456150.314715 6784936.143693 -1864.455811 9 19
456200.314715 6784936.143693 -1860.002563 10 19
456250.314715 6784936.143693 -1852.662842 11 19
456300.314715 6784936.143693 -1845.382690 12 19
456350.314715 6784936.143693 -1829.980469 13 19
456400.314715 6784936.143693 -1819.140015 14 19
456450.314715 6784936.143693 -1819.363525 15 19
456500.314715 6784936.143693 -1815.624878 16 19
456550.314715 6784936.143693 -1810.411987 17 19
456600.314715 6784936.143693 -1809.018188 18 19
456650.314715 6784936.143693 -1813.501831 19 19
456700.314715 6784936.143693 -1814.415283 20 19
456750.314715 6784936.143693 -1807.537598 21 19
456800.314715 6784936.143693 -1796.975830 22 19
456150.314715 6784986.143693 -1864.709839 9 20
456200.314715 6784986.143693 -1860.537354 10 20
456250.314715 6784986.143693 -1851.482422 11 20
456300.314715 6784986.143693 -1847.016479 12 20
456350.314715 6784986.143693 -1848.550415 13 20
456400.314715 6784986.143693 -1838.498291 14 20
456450.314715 6784986.143693 -1824.480835 15 20
456500.314715 6784986.143693 -1817.684326 16 20
456550.314715 6784986.143693 -1806.217896 17 20
456600.314715 6784986.143693 -1805.019287 18 20
456650.314715 6784986.143693 -1805.846680 19 20
456700.314715 6784986.143693 -1804.168213 20 20
456750.314715 6784986.143693 -1798.754639 21 20
456800.314715 6784986.143693 -1791.022095 22 20
456850.314715 6784986.143693 -1790.380981 23 20
456150.314715 6785036.143693 -1868.580566 9 21
456200.314715 6785036.143693 -1864.227417 10 21
456250.314715 6785036.143693 -1856.683105 11 21
456300.314715 6785036.143693 -1852.727295 12 21
456350.314715 6785036.143693 -1852.915771 13 21
456400.314715 6785036.143693 -1842.817993 14 21
456450.314715 6785036.143693 -1831.830933 15 21
456500.314715 6785036.143693 -1822.035889 16 21
456550.314715 6785036.143693 -1808.362549 17 21
456600.314715 6785036.143693 -1802.090332 18 21
456650.314715 6785036.143693 -1799.720337 19 21
456700.314715 6785036.143693 -1797.816528 20 21
456750.314715 6785036.143693 -1795.865845 21 21
456800.314715 6785036.143693 -1795.475952 22 21
456850.314715 6785036.143693 -1798.887573 23 21
456900.314715 6785036.143693 -1801.245117 24 21
456950.314715 6785036.143693 -1804.307861 25 21
456150.314715 6785086.143693 -1873.862671 9 22
456200.314715 6785086.143693 -1869.562500 10 22
456250.314715 6785086.143693 -1862.278564 11 22
456300.314715 6785086.143693 -1857.582520 12 22
456350.314715 6785086.143693 -1853.714966 13 22
456400.314715 6785086.143693 -1844.673950 14 22
456450.314715 6785086.143693 -1831.492310 15 22
456500.314715 6785086.143693 -1816.099854 16 22
456550.314715 6785086.143693 -1806.821533 17 22
456600.314715 6785086.143693 -1801.176270 18 22
456650.314715 6785086.143693 -1798.196533 19 22
456700.314715 6785086.143693 -1796.613037 20 22
456750.314715 6785086.143693 -1796.768311 21 22
456800.314715 6785086.143693 -1799.752441 22 22
456850.314715 6785086.143693 -1803.965576 23 22
456900.314715 6785086.143693 -1804.539307 24 22
456950.314715 6785086.143693 -1806.872681 25 22
457000.314715 6785086.143693 -1799.101318 26 22
456150.314715 6785136.143693 -1878.807983 9 23
456200.314715 6785136.143693 -1873.485229 10 23
456250.314715 6785136.143693 -1864.852539 11 23
456300.314715 6785136.143693 -1859.482178 12 23
456350.314715 6785136.143693 -1853.778076 13 23
456400.314715 6785136.143693 -1846.145020 14 23
456450.314715 6785136.143693 -1829.018555 15 23
456500.314715 6785136.143693 -1813.465820 16 23
456550.314715 6785136.143693 -1806.336304 17 23
456600.314715 6785136.143693 -1803.158691 18 23
456650.314715 6785136.143693 -1801.414307 19 23
456700.314715 6785136.143693 -1799.691650 20 23
456750.314715 6785136.143693 -1798.736084 21 23
456800.314715 6785136.143693 -1800.360107 22 23
456850.314715 6785136.143693 -1804.848511 23 23
456900.314715 6785136.143693 -1804.483765 24 23
456950.314715 6785136.143693 -1798.663940 25 23
457000.314715 6785136.143693 -1788.562378 26 23
456150.314715 6785186.143693 -1879.343018 9 24
456200.314715 6785186.143693 -1870.611938 10 24
456250.314715 6785186.143693 -1866.849854 11 24
456300.314715 6785186.143693 -1856.127930 12 24
456350.314715 6785186.143693 -1852.752075 13 24
456400.314715 6785186.143693 -1850.905396 14 24
456450.314715 6785186.143693 -1833.343628 15 24
456500.314715 6785186.143693 -1823.022583 16 24
456550.314715 6785186.143693 -1810.134033 17 24
456600.314715 6785186.143693 -1809.217529 18 24
456650.314715 6785186.143693 -1807.905273 19 24
456700.314715 6785186.143693 -1805.424561 20 24
456750.314715 6785186.143693 -1801.740601 21 24
456800.314715 6785186.143693 -1797.068726 22 24
456850.314715 6785186.143693 -1800.617798 23 24
456150.314715 6785236.143693 -1869.486694 9 25
456200.314715 6785236.143693 -1863.335693 10 25
456250.314715 6785236.143693 -1870.234497 11 25
456300.314715 6785236.143693 -1866.149414 12 25
456350.314715 6785236.143693 -1853.491943 13 25
456400.314715 6785236.143693 -1856.777344 14 25
456450.314715 6785236.143693 -1835.401611 15 25
456500.314715 6785236.143693 -1827.575928 16 25
456550.314715 6785236.143693 -1819.497803 17 25
456600.314715 6785236.143693 -1819.440308 18 25
456650.314715 6785236.143693 -1814.040527 19 25
456700.314715 6785236.143693 -1811.128174 20 25
456750.314715 6785236.143693 -1807.273560 21 25
456800.314715 6785236.143693 -1797.662720 22 25
456850.314715 6785236.143693 -1796.567871 23 25
456200.314715 6785286.143693 -1840.753296 10 26
456250.314715 6785286.143693 -1850.621948 11 26
456300.314715 6785286.143693 -1862.261841 12 26
456350.314715 6785286.143693 -1855.427612 13 26
456400.314715 6785286.143693 -1854.189087 14 26
456450.314715 6785286.143693 -1831.560059 15 26
456500.314715 6785286.143693 -1822.862549 16 26
456550.314715 6785286.143693 -1825.491699 17 26
456600.314715 6785286.143693 -1822.330444 18 26
456650.314715 6785286.143693 -1815.461548 19 26
456700.314715 6785286.143693 -1813.856812 20 26
456750.314715 6785286.143693 -1807.828369 21 26
456800.314715 6785286.143693 -1800.646729 22 26
456250.314715 6785336.143693 -1845.934326 11 27
456300.314715 6785336.143693 -1855.302734 12 27
456350.314715 6785336.143693 -1860.308838 13 27
456400.314715 6785336.143693 -1860.879395 14 27
456450.314715 6785336.143693 -1844.138916 15 27
456500.314715 6785336.143693 -1838.426025 16 27
456550.314715 6785336.143693 -1836.758789 17 27
456600.314715 6785336.143693 -1823.963257 18 27
456650.314715 6785336.143693 -1819.067505 19 27
456700.314715 6785336.143693 -1812.050171 20 27
456750.314715 6785336.143693 -1809.351563 21 27
456800.314715 6785336.143693 -1802.980347 22 27
456250.314715 6785386.143693 -1856.282104 11 28
456300.314715 6785386.143693 -1861.954834 12 28
456350.314715 6785386.143693 -1867.105591 13 28
456400.314715 6785386.143693 -1867.072632 14 28
456450.314715 6785386.143693 -1852.735596 15 28
456500.314715 6785386.143693 -1845.805176 16 28
456550.314715 6785386.143693 -1840.359985 17 28
456600.314715 6785386.143693 -1823.349731 18 28
456650.314715 6785386.143693 -1817.266602 19 28
456700.314715 6785386.143693 -1810.726196 20 28
456750.314715 6785386.143693 -1809.221069 21 28
456250.314715 6785436.143693 -1859.637451 11 29
456300.314715 6785436.143693 -1865.889648 12 29
456350.314715 6785436.143693 -1871.329102 13 29
456400.314715 6785436.143693 -1869.048828 14 29
456450.314715 6785436.143693 -1859.863770 15 29
456500.314715 6785436.143693 -1856.202515 16 29
456550.314715 6785436.143693 -1853.131348 17 29
456600.314715 6785436.143693 -1843.520386 18 29
456650.314715 6785436.143693 -1818.488037 19 29
456700.314715 6785436.143693 -1810.584595 20 29
456750.314715 6785436.143693 -1810.886353 21 29
456800.314715 6785436.143693 -1806.924927 22 29
456200.314715 6785486.143693 -1850.838623 10 30
456250.314715 6785486.143693 -1859.445557 11 30
456300.314715 6785486.143693 -1865.152832 12 30
456350.314715 6785486.143693 -1866.523926 13 30
456400.314715 6785486.143693 -1861.828003 14 30
456450.314715 6785486.143693 -1858.455078 15 30
456500.314715 6785486.143693 -1848.796265 16 30
456550.314715 6785486.143693 -1828.492554 17 30
456600.314715 6785486.143693 -1817.914795 18 30
456650.314715 6785486.143693 -1812.158691 19 30
456700.314715 6785486.143693 -1812.526001 20 30
456750.314715 6785486.143693 -1814.913452 21 30
456800.314715 6785486.143693 -1812.141846 22 30
456150.314715 6785536.143693 -1843.447998 9 31
456200.314715 6785536.143693 -1852.801514 10 31
456250.314715 6785536.143693 -1859.966797 11 31
456300.314715 6785536.143693 -1863.868408 12 31
456350.314715 6785536.143693 -1863.583252 13 31
456400.314715 6785536.143693 -1860.906006 14 31
456450.314715 6785536.143693 -1858.919678 15 31
456500.314715 6785536.143693 -1854.754028 16 31
456550.314715 6785536.143693 -1846.660400 17 31
456600.314715 6785536.143693 -1839.201294 18 31
456650.314715 6785536.143693 -1830.887695 19 31
456700.314715 6785536.143693 -1820.771484 20 31
456750.314715 6785536.143693 -1822.108521 21 31
456800.314715 6785536.143693 -1818.615723 22 31
456150.314715 6785586.143693 -1850.280029 9 32
456200.314715 6785586.143693 -1857.665527 10 32
456250.314715 6785586.143693 -1863.999512 11 32
456300.314715 6785586.143693 -1866.463379 12 32
456350.314715 6785586.143693 -1864.258301 13 32
456400.314715 6785586.143693 -1860.280518 14 32
456450.314715 6785586.143693 -1858.710205 15 32
456500.314715 6785586.143693 -1863.643799 16 32
456550.314715 6785586.143693 -1867.524780 17 32
456600.314715 6785586.143693 -1870.339722 18 32
456650.314715 6785586.143693 -1839.346558 19 32
456700.314715 6785586.143693 -1819.520874 20 32
456750.314715 6785586.143693 -1824.243652 21 32
456800.314715 6785586.143693 -1822.541504 22 32
456150.314715 6785636.143693 -1859.306396 9 33
456200.314715 6785636.143693 -1867.208496 10 33
456250.314715 6785636.143693 -1874.196777 11 33
456300.314715 6785636.143693 -1874.644287 12 33
456350.314715 6785636.143693 -1869.024170 13 33
456400.314715 6785636.143693 -1861.477783 14 33
456450.314715 6785636.143693 -1853.844482 15 33
456500.314715 6785636.143693 -1852.805176 16 33
456550.314715 6785636.143693 -1863.126465 17 33
456600.314715 6785636.143693 -1849.878540 18 33
456650.314715 6785636.143693 -1839.232300 19 33
456700.314715 6785636.143693 -1834.257690 20 33
456750.314715 6785636.143693 -1827.354980 21 33
456800.314715 6785636.143693 -1823.216309 22 33
456850.314715 6785636.143693 -1818.455444 23 33
456150.314715 6785686.143693 -1873.767456 9 34
456200.314715 6785686.143693 -1877.527344 10 34
456250.314715 6785686.143693 -1880.731689 11 34
456300.314715 6785686.143693 -1880.797119 12 34
456350.314715 6785686.143693 -1877.065918 13 34
456400.314715 6785686.143693 -1866.223877 14 34
456450.314715 6785686.143693 -1852.447266 15 34
456500.314715 6785686.143693 -1834.679810 16 34
456550.314715 6785686.143693 -1837.975952 17 34
456600.314715 6785686.143693 -1839.995483 18 34
456650.314715 6785686.143693 -1841.271973 19 34
456700.314715 6785686.143693 -1837.362061 20 34
456750.314715 6785686.143693 -1824.076660 21 34
456800.314715 6785686.143693 -1820.672729 22 34
456850.314715 6785686.143693 -1813.792603 23 34
456150.314715 6785736.143693 -1887.878418 9 35
456200.314715 6785736.143693 -1886.474365 10 35
456250.314715 6785736.143693 -1885.420410 11 35
456300.314715 6785736.143693 -1883.471924 12 35
456350.314715 6785736.143693 -1879.527832 13 35
456400.314715 6785736.143693 -1872.607178 14 35
456450.314715 6785736.143693 -1864.541260 15 35
456500.314715 6785736.143693 -1861.369873 16 35
456550.314715 6785736.143693 -1854.011963 17 35
456600.314715 6785736.143693 -1846.265381 18 35
456650.314715 6785736.143693 -1842.375244 19 35
456700.314715 6785736.143693 -1836.319824 20 35
456750.314715 6785736.143693 -1826.580811 21 35
456800.314715 6785736.143693 -1818.736938 22 35
456850.314715 6785736.143693 -1813.808228 23 35
456200.314715 6785786.143693 -1893.934326 10 36
456250.314715 6785786.143693 -1888.162354 11 36
456300.314715 6785786.143693 -1883.881836 12 36
456350.314715 6785786.143693 -1880.117432 13 36
456400.314715 6785786.143693 -1876.689209 14 36
456450.314715 6785786.143693 -1874.031250 15 36
456500.314715 6785786.143693 -1871.057495 16 36
456550.314715 6785786.143693 -1863.968994 17 36
456600.314715 6785786.143693 -1854.396729 18 36
456650.314715 6785786.143693 -1846.077393 19 36
456700.314715 6785786.143693 -1837.960938 20 36
456750.314715 6785786.143693 -1829.736084 21 36
456800.314715 6785786.143693 -1822.527344 22 36
456850.314715 6785786.143693 -1817.697632 23 36
456250.314715 6785836.143693 -1888.707031 11 37
456300.314715 6785836.143693 -1883.119629 12 37
456350.314715 6785836.143693 -1879.741455 13 37
456400.314715 6785836.143693 -1877.929443 14 37
456450.314715 6785836.143693 -1876.192627 15 37
456500.314715 6785836.143693 -1872.884155 16 37
456550.314715 6785836.143693 -1867.945801 17 37
456600.314715 6785836.143693 -1860.342285 18 37
456650.314715 6785836.143693 -1851.381592 19 37
456700.314715 6785836.143693 -1841.982422 20 37
456750.314715 6785836.143693 -1832.960205 21 37
456800.314715 6785836.143693 -1825.773193 22 37
456850.314715 6785836.143693 -1821.650146 23 37
456300.314715 6785886.143693 -1881.469482 12 38
456350.314715 6785886.143693 -1878.700684 13 38
456400.314715 6785886.143693 -1877.326416 14 38
456450.314715 6785886.143693 -1876.849243 15 38
456500.314715 6785886.143693 -1873.625244 16 38
456550.314715 6785886.143693 -1870.554199 17 38
456600.314715 6785886.143693 -1864.821045 18 38
456650.314715 6785886.143693 -1856.555176 19 38
456700.314715 6785886.143693 -1846.632080 20 38
456750.314715 6785886.143693 -1835.423584 21 38
456800.314715 6785886.143693 -1825.943115 22 38
456850.314715 6785886.143693 -1816.614136 23 38
456300.314715 6785936.143693 -1882.054932 12 39
456350.314715 6785936.143693 -1878.149658 13 39
456400.314715 6785936.143693 -1876.045654 14 39
456450.314715 6785936.143693 -1877.395142 15 39
456500.314715 6785936.143693 -1876.642578 16 39
456550.314715 6785936.143693 -1874.089966 17 39
456600.314715 6785936.143693 -1868.926758 18 39
456650.314715 6785936.143693 -1859.989014 19 39
456700.314715 6785936.143693 -1849.511719 20 39
456750.314715 6785936.143693 -1836.538330 21 39
456800.314715 6785936.143693 -1824.818359 22 39
456850.314715 6785936.143693 -1817.965942 23 39
456300.314715 6785986.143693 -1886.612061 12 40
456350.314715 6785986.143693 -1881.126709 13 40
456400.314715 6785986.143693 -1878.382813 14 40
456450.314715 6785986.143693 -1877.776733 15 40
456500.314715 6785986.143693 -1878.251343 16 40
456550.314715 6785986.143693 -1877.934937 17 40
456600.314715 6785986.143693 -1872.989136 18 40
456650.314715 6785986.143693 -1860.587891 19 40
456700.314715 6785986.143693 -1845.600586 20 40
456750.314715 6785986.143693 -1840.311035 21 40
456800.314715 6785986.143693 -1822.762817 22 40
456850.314715 6785986.143693 -1819.069092 23 40
456250.314715 6786036.143693 -1888.650879 11 41
456300.314715 6786036.143693 -1895.083862 12 41
456350.314715 6786036.143693 -1890.812744 13 41
456400.314715 6786036.143693 -1881.478027 14 41
456450.314715 6786036.143693 -1876.845459 15 41
456500.314715 6786036.143693 -1876.182739 16 41
456550.314715 6786036.143693 -1876.861206 17 41
456600.314715 6786036.143693 -1873.906372 18 41
456650.314715 6786036.143693 -1860.413452 19 41
456700.314715 6786036.143693 -1825.180786 20 41
456750.314715 6786036.143693 -1850.882202 21 41
456800.314715 6786036.143693 -1828.630249 22 41
456200.314715 6786086.143693 -1863.313232 10 42
456250.314715 6786086.143693 -1874.241943 11 42
456300.314715 6786086.143693 -1895.525513 12 42
456350.314715 6786086.143693 -1885.599854 13 42
456400.314715 6786086.143693 -1880.468628 14 42
456450.314715 6786086.143693 -1874.276001 15 42
456500.314715 6786086.143693 -1870.158936 16 42
456550.314715 6786086.143693 -1870.690918 17 42
456600.314715 6786086.143693 -1869.281616 18 42
456650.314715 6786086.143693 -1854.109131 19 42
456700.314715 6786086.143693 -1812.791504 20 42
456750.314715 6786086.143693 -1824.312988 21 42
456800.314715 6786086.143693 -1821.800171 22 42
456200.314715 6786136.143693 -1881.562744 10 43
456250.314715 6786136.143693 -1887.843506 11 43
456300.314715 6786136.143693 -1887.786133 12 43
456350.314715 6786136.143693 -1882.302368 13 43
456400.314715 6786136.143693 -1880.994507 14 43
456450.314715 6786136.143693 -1871.620972 15 43
456500.314715 6786136.143693 -1862.222046 16 43
456550.314715 6786136.143693 -1861.166626 17 43
456600.314715 6786136.143693 -1861.321289 18 43
456650.314715 6786136.143693 -1857.657349 19 43
456700.314715 6786136.143693 -1819.237061 20 43
456750.314715 6786136.143693 -1823.833862 21 43
456800.314715 6786136.143693 -1813.001953 22 43
456200.314715 6786186.143693 -1880.548462 10 44
456250.314715 6786186.143693 -1884.257446 11 44
456300.314715 6786186.143693 -1884.464478 12 44
456350.314715 6786186.143693 -1885.449463 13 44
456400.314715 6786186.143693 -1879.698242 14 44
456450.314715 6786186.143693 -1870.986938 15 44
456500.314715 6786186.143693 -1863.568726 16 44
456550.314715 6786186.143693 -1855.278442 17 44
456600.314715 6786186.143693 -1852.786987 18 44
456650.314715 6786186.143693 -1836.428589 19 44
456700.314715 6786186.143693 -1813.429321 20 44
456750.314715 6786186.143693 -1814.691772 21 44
456800.314715 6786186.143693 -1805.363037 22 44
456150.314715 6786236.143693 -1885.722412 9 45
456200.314715 6786236.143693 -1885.183350 10 45
456250.314715 6786236.143693 -1883.920532 11 45
456300.314715 6786236.143693 -1888.693604 12 45
456350.314715 6786236.143693 -1885.517822 13 45
456400.314715 6786236.143693 -1881.102539 14 45
456450.314715 6786236.143693 -1876.114624 15 45
456500.314715 6786236.143693 -1867.684326 16 45
456550.314715 6786236.143693 -1859.248413 17 45
456600.314715 6786236.143693 -1857.246216 18 45
456650.314715 6786236.143693 -1853.746826 19 45
456700.314715 6786236.143693 -1820.099243 20 45
456750.314715 6786236.143693 -1812.672241 21 45
456800.314715 6786236.143693 -1797.981079 22 45
456150.314715 6786286.143693 -1888.675781 9 46
456200.314715 6786286.143693 -1883.385254 10 46
456250.314715 6786286.143693 -1882.166504 11 46
456300.314715 6786286.143693 -1881.424072 12 46
456350.314715 6786286.143693 -1871.890259 13 46
456400.314715 6786286.143693 -1873.546753 14 46
456450.314715 6786286.143693 -1867.048828 15 46
456500.314715 6786286.143693 -1863.413574 16 46
456550.314715 6786286.143693 -1859.403320 17 46
456600.314715 6786286.143693 -1851.917358 18 46
456650.314715 6786286.143693 -1840.350220 19 46
456700.314715 6786286.143693 -1816.537354 20 46
456750.314715 6786286.143693 -1813.494751 21 46
456800.314715 6786286.143693 -1803.696045 22 46
456150.314715 6786336.143693 -1899.905151 9 47
456200.314715 6786336.143693 -1891.650391 10 47
456250.314715 6786336.143693 -1886.837646 11 47
456300.314715 6786336.143693 -1876.704956 12 47
456350.314715 6786336.143693 -1869.957520 13 47
456400.314715 6786336.143693 -1869.472290 14 47
456450.314715 6786336.143693 -1860.280396 15 47
456500.314715 6786336.143693 -1855.760864 16 47
456550.314715 6786336.143693 -1860.640015 17 47
456600.314715 6786336.143693 -1852.519775 18 47
456650.314715 6786336.143693 -1843.118408 19 47
456700.314715 6786336.143693 -1824.554321 20 47
456750.314715 6786336.143693 -1816.356445 21 47
456800.314715 6786336.143693 -1807.754639 22 47
456100.314715 6786386.143693 -1924.628296 8 48
456150.314715 6786386.143693 -1906.265259 9 48
456200.314715 6786386.143693 -1892.341309 10 48
456250.314715 6786386.143693 -1883.147949 11 48
456300.314715 6786386.143693 -1878.650757 12 48
456350.314715 6786386.143693 -1870.284546 13 48
456400.314715 6786386.143693 -1871.805542 14 48
456450.314715 6786386.143693 -1861.925049 15 48
456500.314715 6786386.143693 -1858.855835 16 48
456550.314715 6786386.143693 -1865.487427 17 48
456600.314715 6786386.143693 -1853.283691 18 48
456650.314715 6786386.143693 -1846.047974 19 48
456700.314715 6786386.143693 -1836.033325 20 48
456750.314715 6786386.143693 -1825.269775 21 48
456800.314715 6786386.143693 -1815.327148 22 48
456100.314715 6786436.143693 -1916.511475 8 49
456150.314715 6786436.143693 -1914.625366 9 49
456200.314715 6786436.143693 -1893.438110 10 49
456250.314715 6786436.143693 -1884.964355 11 49
456300.314715 6786436.143693 -1879.819458 12 49
456350.314715 6786436.143693 -1871.471436 13 49
456400.314715 6786436.143693 -1874.405151 14 49
456450.314715 6786436.143693 -1866.644653 15 49
456500.314715 6786436.143693 -1862.268799 16 49
456550.314715 6786436.143693 -1856.785522 17 49
456600.314715 6786436.143693 -1845.361938 18 49
456650.314715 6786436.143693 -1843.551147 19 49
456700.314715 6786436.143693 -1847.827393 20 49
456750.314715 6786436.143693 -1831.047241 21 49
456800.314715 6786436.143693 -1813.628418 22 49
456100.314715 6786486.143693 -1917.473877 8 50
456150.314715 6786486.143693 -1910.201782 9 50
456200.314715 6786486.143693 -1892.816772 10 50
456250.314715 6786486.143693 -1885.180664 11 50
456300.314715 6786486.143693 -1885.051636 12 50
456350.314715 6786486.143693 -1875.900635 13 50
456400.314715 6786486.143693 -1873.346069 14 50
456450.314715 6786486.143693 -1863.970459 15 50
456500.314715 6786486.143693 -1862.674438 16 50
456550.314715 6786486.143693 -1855.160278 17 50
456600.314715 6786486.143693 -1846.713623 18 50
456650.314715 6786486.143693 -1845.157959 19 50
456700.314715 6786486.143693 -1840.381348 20 50
456750.314715 6786486.143693 -1818.071899 21 50
456800.314715 6786486.143693 -1808.629761 22 50
456050.314715 6786536.143693 -1924.640259 7 51
456100.314715 6786536.143693 -1919.731079 8 51
456150.314715 6786536.143693 -1904.833862 9 51
456200.314715 6786536.143693 -1889.473633 10 51
456250.314715 6786536.143693 -1887.628906 11 51
456300.314715 6786536.143693 -1885.568481 12 51
456350.314715 6786536.143693 -1882.330566 13 51
456400.314715 6786536.143693 -1876.457153 14 51
456450.314715 6786536.143693 -1868.953369 15 51
456500.314715 6786536.143693 -1864.340210 16 51
456550.314715 6786536.143693 -1855.794067 17 51
456600.314715 6786536.143693 -1849.938599 18 51
456650.314715 6786536.143693 -1844.394409 19 51
456700.314715 6786536.143693 -1839.230469 20 51
456750.314715 6786536.143693 -1819.107788 21 51
456050.314715 6786586.143693 -1927.016968 7 52
456100.314715 6786586.143693 -1920.284302 8 52
456150.314715 6786586.143693 -1902.801880 9 52
456200.314715 6786586.143693 -1896.695801 10 52
456250.314715 6786586.143693 -1887.199463 11 52
456300.314715 6786586.143693 -1885.788818 12 52
456350.314715 6786586.143693 -1882.756958 13 52
456400.314715 6786586.143693 -1882.906494 14 52
456450.314715 6786586.143693 -1874.516479 15 52
456500.314715 6786586.143693 -1863.962036 16 52
456550.314715 6786586.143693 -1856.438843 17 52
456600.314715 6786586.143693 -1851.908813 18 52
456650.314715 6786586.143693 -1843.818115 19 52
456700.314715 6786586.143693 -1826.814819 20 52
456750.314715 6786586.143693 -1827.862427 21 52
456050.314715 6786636.143693 -1904.692749 7 53
456100.314715 6786636.143693 -1901.196655 8 53
456150.314715 6786636.143693 -1899.854126 9 53
456200.314715 6786636.143693 -1892.740723 10 53
456250.314715 6786636.143693 -1885.123901 11 53
456300.314715 6786636.143693 -1879.453491 12 53
456350.314715 6786636.143693 -1877.409424 13 53
456400.314715 6786636.143693 -1879.684570 14 53
456450.314715 6786636.143693 -1867.042603 15 53
456500.314715 6786636.143693 -1861.627563 16 53
456550.314715 6786636.143693 -1858.089844 17 53
456600.314715 6786636.143693 -1854.274536 18 53
456650.314715 6786636.143693 -1845.350098 19 53
456700.314715 6786636.143693 -1825.763794 20 53
456750.314715 6786636.143693 -1817.853516 21 53
456000.314715 6786686.143693 -1931.756470 6 54
456050.314715 6786686.143693 -1900.985474 7 54
456100.314715 6786686.143693 -1898.750732 8 54
456150.314715 6786686.143693 -1892.728882 9 54
456200.314715 6786686.143693 -1889.194824 10 54
456250.314715 6786686.143693 -1883.371216 11 54
456300.314715 6786686.143693 -1882.770630 12 54
456350.314715 6786686.143693 -1878.498901 13 54
456400.314715 6786686.143693 -1870.557739 14 54
456450.314715 6786686.143693 -1864.291138 15 54
456500.314715 6786686.143693 -1861.458862 16 54
456550.314715 6786686.143693 -1858.372681 17 54
456600.314715 6786686.143693 -1853.363159 18 54
456650.314715 6786686.143693 -1859.769897 19 54
456700.314715 6786686.143693 -1833.436523 20 54
456750.314715 6786686.143693 -1813.812012 21 54
456000.314715 6786736.143693 -1931.319336 6 55
456050.314715 6786736.143693 -1889.355347 7 55
456100.314715 6786736.143693 -1888.595581 8 55
456150.314715 6786736.143693 -1894.773682 9 55
456200.314715 6786736.143693 -1889.153809 10 55
456250.314715 6786736.143693 -1884.299438 11 55
456300.314715 6786736.143693 -1880.025635 12 55
456350.314715 6786736.143693 -1876.135986 13 55
456400.314715 6786736.143693 -1872.350952 14 55
456450.314715 6786736.143693 -1863.994873 15 55
456500.314715 6786736.143693 -1861.953003 16 55
456550.314715 6786736.143693 -1856.968750 17 55
456600.314715 6786736.143693 -1851.270508 18 55
456650.314715 6786736.143693 -1842.061157 19 55
456700.314715 6786736.143693 -1832.024536 20 55
456750.314715 6786736.143693 -1815.860718 21 55
455950.314715 6786786.143693 -1942.684692 5 56
456000.314715 6786786.143693 -1933.295654 6 56
456050.314715 6786786.143693 -1927.543335 7 56
456100.314715 6786786.143693 -1906.037598 8 56
456150.314715 6786786.143693 -1902.889526 9 56
456200.314715 6786786.143693 -1894.156982 10 56
456250.314715 6786786.143693 -1885.055786 11 56
456300.314715 6786786.143693 -1880.415283 12 56
456350.314715 6786786.143693 -1873.301025 13 56
456400.314715 6786786.143693 -1868.687988 14 56
456450.314715 6786786.143693 -1862.044189 15 56
456500.314715 6786786.143693 -1858.393799 16 56
456550.314715 6786786.143693 -1854.179932 17 56
456600.314715 6786786.143693 -1854.143188 18 56
456650.314715 6786786.143693 -1851.206787 19 56
456700.314715 6786786.143693 -1840.303101 20 56
455950.314715 6786836.143693 -1918.341553 5 57
456000.314715 6786836.143693 -1932.723022 6 57
456050.314715 6786836.143693 -1920.725464 7 57
456100.314715 6786836.143693 -1899.607788 8 57
456150.314715 6786836.143693 -1892.555786 9 57
456200.314715 6786836.143693 -1885.598999 10 57
456250.314715 6786836.143693 -1881.823975 11 57
456300.314715 6786836.143693 -1887.239990 12 57
456350.314715 6786836.143693 -1871.919434 13 57
456400.314715 6786836.143693 -1853.783081 14 57
456450.314715 6786836.143693 -1861.128784 15 57
456500.314715 6786836.143693 -1857.663086 16 57
456550.314715 6786836.143693 -1851.596924 17 57
456600.314715 6786836.143693 -1841.887695 18 57
456650.314715 6786836.143693 -1846.309937 19 57
456700.314715 6786836.143693 -1827.336792 20 57
455950.314715 6786886.143693 -1943.425293 5 58
456000.314715 6786886.143693 -1935.533203 6 58
456050.314715 6786886.143693 -1917.043701 7 58
456100.314715 6786886.143693 -1899.274658 8 58
456150.314715 6786886.143693 -1912.551880 9 58
456200.314715 6786886.143693 -1902.593628 10 58
456250.314715 6786886.143693 -1881.509521 11 58
456300.314715 6786886.143693 -1887.566406 12 58
456350.314715 6786886.143693 -1865.900024 13 58
456400.314715 6786886.143693 -1855.135010 14 58
456450.314715 6786886.143693 -1858.684326 15 58
456500.314715 6786886.143693 -1857.251709 16 58
456550.314715 6786886.143693 -1852.410156 17 58
456600.314715 6786886.143693 -1847.596436 18 58
456650.314715 6786886.143693 -1846.565674 19 58
456700.314715 6786886.143693 -1833.757446 20 58
455950.314715 6786936.143693 -1942.586670 5 59
456000.314715 6786936.143693 -1933.142944 6 59
456050.314715 6786936.143693 -1919.926025 7 59
456100.314715 6786936.143693 -1910.049194 8 59
456150.314715 6786936.143693 -1905.444092 9 59
456200.314715 6786936.143693 -1895.107788 10 59
456250.314715 6786936.143693 -1886.464478 11 59
456300.314715 6786936.143693 -1887.220337 12 59
456350.314715 6786936.143693 -1887.723145 13 59
456400.314715 6786936.143693 -1864.479980 14 59
456450.314715 6786936.143693 -1859.353271 15 59
456500.314715 6786936.143693 -1858.540894 16 59
456550.314715 6786936.143693 -1856.049438 17 59
456600.314715 6786936.143693 -1851.859009 18 59
456650.314715 6786936.143693 -1847.510498 19 59
456700.314715 6786936.143693 -1841.711060 20 59
455950.314715 6786986.143693 -1942.288940 5 60
456000.314715 6786986.143693 -1931.829346 6 60
456050.314715 6786986.143693 -1920.364502 7 60
456100.314715 6786986.143693 -1917.182129 8 60
456150.314715 6786986.143693 -1909.078735 9 60
456200.314715 6786986.143693 -1905.383057 10 60
456250.314715 6786986.143693 -1890.949585 11 60
456300.314715 6786986.143693 -1891.823120 12 60
456350.314715 6786986.143693 -1886.548950 13 60
456400.314715 6786986.143693 -1867.286377 14 60
456450.314715 6786986.143693 -1862.247681 15 60
456500.314715 6786986.143693 -1859.607788 16 60
456550.314715 6786986.143693 -1856.218384 17 60
456600.314715 6786986.143693 -1844.363037 18 60
456650.314715 6786986.143693 -1849.108398 19 60
456700.314715 6786986.143693 -1843.969238 20 60
455950.314715 6787036.143693 -1941.231323 5 61
456000.314715 6787036.143693 -1931.641357 6 61
456050.314715 6787036.143693 -1927.010864 7 61
456100.314715 6787036.143693 -1921.911743 8 61
456150.314715 6787036.143693 -1929.183838 9 61
456200.314715 6787036.143693 -1913.930542 10 61
456250.314715 6787036.143693 -1887.977173 11 61
456300.314715 6787036.143693 -1908.329468 12 61
456350.314715 6787036.143693 -1902.813110 13 61
456400.314715 6787036.143693 -1887.146118 14 61
456450.314715 6787036.143693 -1877.577759 15 61
456500.314715 6787036.143693 -1861.360107 16 61
456550.314715 6787036.143693 -1856.966675 17 61
456600.314715 6787036.143693 -1848.004272 18 61
456650.314715 6787036.143693 -1860.380005 19 61
456700.314715 6787036.143693 -1850.907959 20 61
455950.314715 6787086.143693 -1941.381104 5 62
456000.314715 6787086.143693 -1933.949097 6 62
456050.314715 6787086.143693 -1931.411011 7 62
456100.314715 6787086.143693 -1927.461914 8 62
456150.314715 6787086.143693 -1923.716309 9 62
456200.314715 6787086.143693 -1921.977173 10 62
456250.314715 6787086.143693 -1899.019287 11 62
456300.314715 6787086.143693 -1911.321167 12 62
456350.314715 6787086.143693 -1906.075317 13 62
456400.314715 6787086.143693 -1895.157959 14 62
456450.314715 6787086.143693 -1897.425781 15 62
456500.314715 6787086.143693 -1867.051147 16 62
456550.314715 6787086.143693 -1859.584717 17 62
456600.314715 6787086.143693 -1853.167358 18 62
456650.314715 6787086.143693 -1857.548340 19 62
456700.314715 6787086.143693 -1851.543335 20 62
455950.314715 6787136.143693 -1953.060669 5 63
456000.314715 6787136.143693 -1940.456787 6 63
456050.314715 6787136.143693 -1908.576782 7 63
456100.314715 6787136.143693 -1931.744629 8 63
456150.314715 6787136.143693 -1904.878906 9 63
456200.314715 6787136.143693 -1918.155518 10 63
456250.314715 6787136.143693 -1899.231934 11 63
456300.314715 6787136.143693 -1911.320679 12 63
456350.314715 6787136.143693 -1902.947021 13 63
456400.314715 6787136.143693 -1894.571167 14 63
456450.314715 6787136.143693 -1862.503662 15 63
456500.314715 6787136.143693 -1860.409302 16 63
456550.314715 6787136.143693 -1864.879639 17 63
456600.314715 6787136.143693 -1857.981934 18 63
456650.314715 6787136.143693 -1855.281738 19 63
456700.314715 6787136.143693 -1847.892822 20 63
455950.314715 6787186.143693 -1946.079834 5 64
456000.314715 6787186.143693 -1942.940308 6 64
456050.314715 6787186.143693 -1933.731079 7 64
456100.314715 6787186.143693 -1938.889404 8 64
456150.314715 6787186.143693 -1931.520020 9 64
456200.314715 6787186.143693 -1921.823364 10 64
456250.314715 6787186.143693 -1918.100098 11 64
456300.314715 6787186.143693 -1916.475830 12 64
456350.314715 6787186.143693 -1906.941040 13 64
456400.314715 6787186.143693 -1899.593018 14 64
456450.314715 6787186.143693 -1898.660278 15 64
456500.314715 6787186.143693 -1862.937866 16 64
456550.314715 6787186.143693 -1871.308960 17 64
456600.314715 6787186.143693 -1860.904785 18 64
456650.314715 6787186.143693 -1857.967285 19 64
456700.314715 6787186.143693 -1844.734253 20 64
455900.314715 6787236.143693 -1957.706909 4 65
455950.314715 6787236.143693 -1947.390015 5 65
456000.314715 6787236.143693 -1947.201172 6 65
456050.314715 6787236.143693 -1950.050537 7 65
456100.314715 6787236.143693 -1940.180420 8 65
456150.314715 6787236.143693 -1940.848755 9 65
456200.314715 6787236.143693 -1937.229248 10 65
456250.314715 6787236.143693 -1928.232544 11 65
456300.314715 6787236.143693 -1921.459351 12 65
456350.314715 6787236.143693 -1916.837891 13 65
456400.314715 6787236.143693 -1909.237793 14 65
456450.314715 6787236.143693 -1903.846680 15 65
456500.314715 6787236.143693 -1867.149170 16 65
456550.314715 6787236.143693 -1869.160767 17 65
456600.314715 6787236.143693 -1860.783936 18 65
456650.314715 6787236.143693 -1857.016724 19 65
456700.314715 6787236.143693 -1851.109863 20 65
455900.314715 6787286.143693 -1960.162964 4 66
455950.314715 6787286.143693 -1956.135376 5 66
456000.314715 6787286.143693 -1951.032349 6 66
456050.314715 6787286.143693 -1947.671021 7 66
456100.314715 6787286.143693 -1936.082642 8 66
456150.314715 6787286.143693 -1939.802368 9 66
456200.314715 6787286.143693 -1937.523682 10 66
456250.314715 6787286.143693 -1932.988281 11 66
456300.314715 6787286.143693 -1919.925049 12 66
456350.314715 6787286.143693 -1918.222412 13 66
456400.314715 6787286.143693 -1897.331177 14 66
456450.314715 6787286.143693 -1887.892578 15 66
456500.314715 6787286.143693 -1867.528320 16 66
456550.314715 6787286.143693 -1864.186768 17 66
456600.314715 6787286.143693 -1859.726196 18 66
456650.314715 6787286.143693 -1851.995605 19 66
456700.314715 6787286.143693 -1851.244263 20 66
455900.314715 6787336.143693 -1959.904053 4 67
455950.314715 6787336.143693 -1956.527222 5 67
456000.314715 6787336.143693 -1948.330688 6 67
456050.314715 6787336.143693 -1947.511108 7 67
456100.314715 6787336.143693 -1938.703125 8 67
456150.314715 6787336.143693 -1940.754395 9 67
456200.314715 6787336.143693 -1936.638062 10 67
456250.314715 6787336.143693 -1931.213623 11 67
456300.314715 6787336.143693 -1912.881592 12 67
456350.314715 6787336.143693 -1917.508179 13 67
456400.314715 6787336.143693 -1898.028809 14 67
456450.314715 6787336.143693 -1900.343750 15 67
456500.314715 6787336.143693 -1875.824219 16 67
456550.314715 6787336.143693 -1860.921875 17 67
456600.314715 6787336.143693 -1856.218994 18 67
456650.314715 6787336.143693 -1852.114746 19 67
456700.314715 6787336.143693 -1848.485718 20 67
455900.314715 6787386.143693 -1953.378784 4 68
455950.314715 6787386.143693 -1953.603149 5 68
456000.314715 6787386.143693 -1951.887817 6 68
456050.314715 6787386.143693 -1942.333740 7 68
456100.314715 6787386.143693 -1938.192993 8 68
456150.314715 6787386.143693 -1939.075806 9 68
456200.314715 6787386.143693 -1935.931152 10 68
456250.314715 6787386.143693 -1927.214478 11 68
456300.314715 6787386.143693 -1917.681396 12 68
456350.314715 6787386.143693 -1913.209351 13 68
456400.314715 6787386.143693 -1901.916016 14 68
456450.314715 6787386.143693 -1892.452271 15 68
456500.314715 6787386.143693 -1877.898315 16 68
456550.314715 6787386.143693 -1863.770142 17 68
456600.314715 6787386.143693 -1857.721191 18 68
456650.314715 6787386.143693 -1851.426147 19 68
456700.314715 6787386.143693 -1845.552490 20 68
455900.314715 6787436.143693 -1943.967407 4 69
455950.314715 6787436.143693 -1943.571655 5 69
456000.314715 6787436.143693 -1955.078491 6 69
456050.314715 6787436.143693 -1931.733643 7 69
456100.314715 6787436.143693 -1938.898438 8 69
456150.314715 6787436.143693 -1935.914063 9 69
456200.314715 6787436.143693 -1931.046021 10 69
456250.314715 6787436.143693 -1925.773560 11 69
456300.314715 6787436.143693 -1920.951904 12 69
456350.314715 6787436.143693 -1909.082520 13 69
456400.314715 6787436.143693 -1901.711060 14 69
456450.314715 6787436.143693 -1892.842651 15 69
456500.314715 6787436.143693 -1880.595947 16 69
456550.314715 6787436.143693 -1866.407227 17 69
456600.314715 6787436.143693 -1858.727905 18 69
456650.314715 6787436.143693 -1851.259766 19 69
456700.314715 6787436.143693 -1848.123047 20 69
455900.314715 6787486.143693 -1940.566406 4 70
455950.314715 6787486.143693 -1955.618042 5 70
456000.314715 6787486.143693 -1958.490112 6 70
456050.314715 6787486.143693 -1939.000610 7 70
456100.314715 6787486.143693 -1936.550049 8 70
456150.314715 6787486.143693 -1932.846191 9 70
456200.314715 6787486.143693 -1928.245605 10 70
456250.314715 6787486.143693 -1923.772949 11 70
456300.314715 6787486.143693 -1918.379761 12 70
456350.314715 6787486.143693 -1912.037109 13 70
456400.314715 6787486.143693 -1902.641846 14 70
456450.314715 6787486.143693 -1896.947266 15 70
456500.314715 6787486.143693 -1881.389038 16 70
456550.314715 6787486.143693 -1866.372192 17 70
456600.314715 6787486.143693 -1860.536011 18 70
456650.314715 6787486.143693 -1851.727905 19 70
456700.314715 6787486.143693 -1845.684814 20 70
455850.314715 6787536.143693 -1940.801758 3 71
455900.314715 6787536.143693 -1939.824829 4 71
455950.314715 6787536.143693 -1934.914063 5 71
456000.314715 6787536.143693 -1948.408081 6 71
456050.314715 6787536.143693 -1944.203491 7 71
456100.314715 6787536.143693 -1936.493530 8 71
456150.314715 6787536.143693 -1930.605713 9 71
456200.314715 6787536.143693 -1926.359619 10 71
456250.314715 6787536.143693 -1922.752319 11 71
456300.314715 6787536.143693 -1919.128174 12 71
456350.314715 6787536.143693 -1914.872803 13 71
456400.314715 6787536.143693 -1905.980835 14 71
456450.314715 6787536.143693 -1896.161133 15 71
456500.314715 6787536.143693 -1885.852051 16 71
456550.314715 6787536.143693 -1870.300293 17 71
456600.314715 6787536.143693 -1863.261108 18 71
456650.314715 6787536.143693 -1850.062134 19 71
456700.314715 6787536.143693 -1842.640381 20 71
455850.314715 6787586.143693 -1969.261230 3 72
455900.314715 6787586.143693 -1968.480835 4 72
455950.314715 6787586.143693 -1960.977783 5 72
456000.314715 6787586.143693 -1952.035889 6 72
456050.314715 6787586.143693 -1942.761475 7 72
456100.314715 6787586.143693 -1934.198364 8 72
456150.314715 6787586.143693 -1929.269165 9 72
456200.314715 6787586.143693 -1926.307617 10 72
456250.314715 6787586.143693 -1923.261841 11 72
456300.314715 6787586.143693 -1919.650024 12 72
456350.314715 6787586.143693 -1916.302002 13 72
456400.314715 6787586.143693 -1908.203735 14 72
456450.314715 6787586.143693 -1895.013428 15 72
456500.314715 6787586.143693 -1882.815796 16 72
456550.314715 6787586.143693 -1868.723633 17 72
456600.314715 6787586.143693 -1859.807983 18 72
456650.314715 6787586.143693 -1848.428467 19 72
456700.314715 6787586.143693 -1837.918579 20 72
455800.314715 6787636.143693 -1968.005371 2 73
455850.314715 6787636.143693 -1979.774902 3 73
455900.314715 6787636.143693 -1978.807739 4 73
455950.314715 6787636.143693 -1967.950073 5 73
456000.314715 6787636.143693 -1956.739868 6 73
456050.314715 6787636.143693 -1937.093872 7 73
456100.314715 6787636.143693 -1930.638428 8 73
456150.314715 6787636.143693 -1929.736084 9 73
456200.314715 6787636.143693 -1928.670288 10 73
456250.314715 6787636.143693 -1925.804321 11 73
456300.314715 6787636.143693 -1919.789185 12 73
456350.314715 6787636.143693 -1910.334473 13 73
456400.314715 6787636.143693 -1909.826050 14 73
456450.314715 6787636.143693 -1900.044800 15 73
456500.314715 6787636.143693 -1886.391235 16 73
456550.314715 6787636.143693 -1868.926758 17 73
456600.314715 6787636.143693 -1857.477295 18 73
456650.314715 6787636.143693 -1845.271729 19 73
456700.314715 6787636.143693 -1836.756104 20 73
455800.314715 6787686.143693 -1970.865479 2 74
455850.314715 6787686.143693 -1966.723511 3 74
455900.314715 6787686.143693 -1963.062500 4 74
455950.314715 6787686.143693 -1958.590942 5 74
456000.314715 6787686.143693 -1938.593872 6 74
456050.314715 6787686.143693 -1927.724365 7 74
456100.314715 6787686.143693 -1931.353760 8 74
456150.314715 6787686.143693 -1933.304077 9 74
456200.314715 6787686.143693 -1932.459229 10 74
456250.314715 6787686.143693 -1929.590942 11 74
456300.314715 6787686.143693 -1925.252808 12 74
456350.314715 6787686.143693 -1920.922974 13 74
456400.314715 6787686.143693 -1914.015381 14 74
456450.314715 6787686.143693 -1903.960327 15 74
456500.314715 6787686.143693 -1890.812622 16 74
456550.314715 6787686.143693 -1874.365845 17 74
456600.314715 6787686.143693 -1859.696533 18 74
456650.314715 6787686.143693 -1853.931030 19 74
456700.314715 6787686.143693 -1846.380249 20 74
455800.314715 6787736.143693 -1972.492432 2 75
455850.314715 6787736.143693 -1971.341797 3 75
455900.314715 6787736.143693 -1959.545044 4 75
455950.314715 6787736.143693 -1959.410278 5 75
456000.314715 6787736.143693 -1950.067261 6 75
456050.314715 6787736.143693 -1944.433472 7 75
456100.314715 6787736.143693 -1939.980225 8 75
456150.314715 6787736.143693 -1937.195068 9 75
456200.314715 6787736.143693 -1936.390869 10 75
456250.314715 6787736.143693 -1932.756836 11 75
456300.314715 6787736.143693 -1929.078491 12 75
456350.314715 6787736.143693 -1922.506592 13 75
456400.314715 6787736.143693 -1912.616333 14 75
456450.314715 6787736.143693 -1900.417114 15 75
456500.314715 6787736.143693 -1882.746948 16 75
456550.314715 6787736.143693 -1872.531860 17 75
456600.314715 6787736.143693 -1862.375244 18 75
456650.314715 6787736.143693 -1844.077515 19 75
456700.314715 6787736.143693 -1833.696533 20 75
455850.314715 6787786.143693 -1964.192871 3 76
455900.314715 6787786.143693 -1960.262817 4 76
455950.314715 6787786.143693 -1961.366211 5 76
456000.314715 6787786.143693 -1958.400391 6 76
456050.314715 6787786.143693 -1946.967285 7 76
456100.314715 6787786.143693 -1945.104980 8 76
456150.314715 6787786.143693 -1936.756714 9 76
456200.314715 6787786.143693 -1939.369019 10 76
456250.314715 6787786.143693 -1932.501465 11 76
456300.314715 6787786.143693 -1928.378540 12 76
456350.314715 6787786.143693 -1917.964844 13 76
456400.314715 6787786.143693 -1909.388794 14 76
456450.314715 6787786.143693 -1898.506348 15 76
456500.314715 6787786.143693 -1888.662964 16 76
456550.314715 6787786.143693 -1873.649536 17 76
456600.314715 6787786.143693 -1860.571655 18 76
456650.314715 6787786.143693 -1850.108276 19 76
456700.314715 6787786.143693 -1839.838867 20 76
455850.314715 6787836.143693 -1963.766602 3 77
455900.314715 6787836.143693 -1963.755493 4 77
455950.314715 6787836.143693 -1953.827271 5 77
456000.314715 6787836.143693 -1952.858521 6 77
456050.314715 6787836.143693 -1947.151123 7 77
456100.314715 6787836.143693 -1935.491211 8 77
456150.314715 6787836.143693 -1932.455200 9 77
456200.314715 6787836.143693 -1932.675171 10 77
456250.314715 6787836.143693 -1931.638184 11 77
456300.314715 6787836.143693 -1926.066650 12 77
456350.314715 6787836.143693 -1916.232178 13 77
456400.314715 6787836.143693 -1906.498779 14 77
456450.314715 6787836.143693 -1899.386353 15 77
456500.314715 6787836.143693 -1899.282349 16 77
456550.314715 6787836.143693 -1886.866455 17 77
456600.314715 6787836.143693 -1877.964355 18 77
456650.314715 6787836.143693 -1874.915405 19 77
456700.314715 6787836.143693 -1873.417358 20 77
455900.314715 6787886.143693 -1968.364380 4 78
455950.314715 6787886.143693 -1967.994629 5 78
456000.314715 6787886.143693 -1963.264282 6 78
456050.314715 6787886.143693 -1957.701416 7 78
456100.314715 6787886.143693 -1954.885376 8 78
456150.314715 6787886.143693 -1943.821899 9 78
456200.314715 6787886.143693 -1934.661865 10 78
456250.314715 6787886.143693 -1931.754883 11 78
456300.314715 6787886.143693 -1931.065552 12 78
456350.314715 6787886.143693 -1929.343628 13 78
456400.314715 6787886.143693 -1918.183960 14 78
456450.314715 6787886.143693 -1909.522827 15 78
456500.314715 6787886.143693 -1898.140747 16 78
456550.314715 6787886.143693 -1887.581177 17 78
456600.314715 6787886.143693 -1881.400879 18 78
456650.314715 6787886.143693 -1882.885742 19 78
456700.314715 6787886.143693 -1886.333130 20 78
455950.314715 6787936.143693 -1989.492188 5 79
456000.314715 6787936.143693 -1969.336914 6 79
456050.314715 6787936.143693 -1969.206543 7 79
456100.314715 6787936.143693 -1968.442261 8 79
456150.314715 6787936.143693 -1972.596680 9 79
456200.314715 6787936.143693 -1965.637329 10 79
456250.314715 6787936.143693 -1959.712769 11 79
456300.314715 6787936.143693 -1959.743042 12 79
456350.314715 6787936.143693 -1954.280396 13 79
456400.314715 6787936.143693 -1933.586792 14 79
456450.314715 6787936.143693 -1935.428223 15 79
456500.314715 6787936.143693 -1921.697266 16 79
456550.314715 6787936.143693 -1904.604492 17 79
456600.314715 6787936.143693 -1884.716797 18 79
456650.314715 6787936.143693 -1874.653320 19 79
456700.314715 6787936.143693 -1873.990234 20 79
455950.314715 6787986.143693 -1973.618774 5 80
456000.314715 6787986.143693 -1972.486572 6 80
456050.314715 6787986.143693 -1966.323608 7 80
456100.314715 6787986.143693 -1968.156128 8 80
456150.314715 6787986.143693 -1952.995850 9 80
456200.314715 6787986.143693 -1955.655884 10 80
456250.314715 6787986.143693 -1958.258545 11 80
456300.314715 6787986.143693 -1941.298462 12 80
456350.314715 6787986.143693 -1944.216309 13 80
456400.314715 6787986.143693 -1928.116577 14 80
456450.314715 6787986.143693 -1916.942261 15 80
456500.314715 6787986.143693 -1900.475586 16 80
456550.314715 6787986.143693 -1897.227295 17 80
456600.314715 6787986.143693 -1888.975952 18 80
456650.314715 6787986.143693 -1887.495850 19 80
456700.314715 6787986.143693 -1877.035156 20 80
456750.314715 6787986.143693 -1867.798096 21 80
455950.314715 6788036.143693 -1998.414795 5 81
456000.314715 6788036.143693 -1985.041138 6 81
456050.314715 6788036.143693 -1980.788574 7 81
456100.314715 6788036.143693 -1975.871338 8 81
456150.314715 6788036.143693 -1970.695557 9 81
456200.314715 6788036.143693 -1962.684937 10 81
456250.314715 6788036.143693 -1961.561035 11 81
456300.314715 6788036.143693 -1970.913208 12 81
456350.314715 6788036.143693 -1963.241089 13 81
456400.314715 6788036.143693 -1951.929443 14 81
456450.314715 6788036.143693 -1943.096313 15 81
456500.314715 6788036.143693 -1932.310059 16 81
456550.314715 6788036.143693 -1924.136475 17 81
456600.314715 6788036.143693 -1897.636597 18 81
456650.314715 6788036.143693 -1870.754517 19 81
456700.314715 6788036.143693 -1852.945679 20 81
456750.314715 6788036.143693 -1854.041626 21 81
455900.314715 6788086.143693 -2000.557617 4 82
455950.314715 6788086.143693 -1999.985840 5 82
456000.314715 6788086.143693 -1988.211304 6 82
456050.314715 6788086.143693 -1986.061768 7 82
456100.314715 6788086.143693 -1985.339111 8 82
456150.314715 6788086.143693 -1977.154175 9 82
456200.314715 6788086.143693 -1973.375000 10 82
456250.314715 6788086.143693 -1972.788086 11 82
456300.314715 6788086.143693 -1978.631104 12 82
456350.314715 6788086.143693 -1968.933228 13 82
456400.314715 6788086.143693 -1959.419189 14 82
456450.314715 6788086.143693 -1951.699585 15 82
456500.314715 6788086.143693 -1936.589111 16 82
456550.314715 6788086.143693 -1925.736450 17 82
456600.314715 6788086.143693 -1908.138062 18 82
456650.314715 6788086.143693 -1889.709717 19 82
456700.314715 6788086.143693 -1876.737793 20 82
456750.314715 6788086.143693 -1860.162842 21 82
456800.314715 6788086.143693 -1860.726929 22 82
455900.314715 6788136.143693 -1992.408813 4 83
455950.314715 6788136.143693 -1986.375977 5 83
456000.314715 6788136.143693 -1984.938721 6 83
456050.314715 6788136.143693 -1982.620972 7 83
456100.314715 6788136.143693 -1986.801392 8 83
456150.314715 6788136.143693 -1984.315918 9 83
456200.314715 6788136.143693 -1978.364624 10 83
456250.314715 6788136.143693 -1974.941772 11 83
456300.314715 6788136.143693 -1974.749146 12 83
456350.314715 6788136.143693 -1966.693115 13 83
456400.314715 6788136.143693 -1957.864990 14 83
456450.314715 6788136.143693 -1952.478638 15 83
456500.314715 6788136.143693 -1923.455444 16 83
456550.314715 6788136.143693 -1904.341309 17 83
456600.314715 6788136.143693 -1903.424805 18 83
456650.314715 6788136.143693 -1892.932251 19 83
456700.314715 6788136.143693 -1882.542114 20 83
456750.314715 6788136.143693 -1861.631714 21 83
456800.314715 6788136.143693 -1859.405029 22 83
456850.314715 6788136.143693 -1861.563232 23 83
455850.314715 6788186.143693 -1996.553223 3 84
455900.314715 6788186.143693 -1995.021362 4 84
455950.314715 6788186.143693 -1988.228760 5 84
456000.314715 6788186.143693 -1986.700928 6 84
456050.314715 6788186.143693 -1987.863525 7 84
456100.314715 6788186.143693 -1986.307373 8 84
456150.314715 6788186.143693 -1980.572632 9 84
456200.314715 6788186.143693 -1975.069702 10 84
456250.314715 6788186.143693 -1973.978516 11 84
456300.314715 6788186.143693 -1970.025879 12 84
456350.314715 6788186.143693 -1964.972656 13 84
456400.314715 6788186.143693 -1959.192993 14 84
456450.314715 6788186.143693 -1951.581055 15 84
456500.314715 6788186.143693 -1921.716064 16 84
456550.314715 6788186.143693 -1914.190674 17 84
456600.314715 6788186.143693 -1900.865356 18 84
456650.314715 6788186.143693 -1884.270996 19 84
456700.314715 6788186.143693 -1866.010132 20 84
456750.314715 6788186.143693 -1856.702881 21 84
456800.314715 6788186.143693 -1852.379639 22 84
456850.314715 6788186.143693 -1848.920776 23 84
455850.314715 6788236.143693 -1996.220215 3 85
455900.314715 6788236.143693 -1994.804688 4 85
455950.314715 6788236.143693 -1989.481201 5 85
456000.314715 6788236.143693 -1986.291382 6 85
456050.314715 6788236.143693 -1990.908936 7 85
456100.314715 6788236.143693 -1989.743652 8 85
456150.314715 6788236.143693 -1985.988281 9 85
456200.314715 6788236.143693 -1979.826416 10 85
456250.314715 6788236.143693 -1976.849243 11 85
456300.314715 6788236.143693 -1967.957642 12 85
456350.314715 6788236.143693 -1964.386841 13 85
456400.314715 6788236.143693 -1959.305176 14 85
456450.314715 6788236.143693 -1951.986450 15 85
456500.314715 6788236.143693 -1924.949463 16 85
456550.314715 6788236.143693 -1914.943726 17 85
456600.314715 6788236.143693 -1903.377686 18 85
456650.314715 6788236.143693 -1891.462036 19 85
456700.314715 6788236.143693 -1870.534180 20 85
456750.314715 6788236.143693 -1866.919922 21 85
456800.314715 6788236.143693 -1865.520630 22 85
456850.314715 6788236.143693 -1845.064941 23 85
455850.314715 6788286.143693 -1994.624023 3 86
455900.314715 6788286.143693 -1992.615845 4 86
455950.314715 6788286.143693 -1991.346680 5 86
456000.314715 6788286.143693 -1993.151489 6 86
456050.314715 6788286.143693 -1993.009033 7 86
456100.314715 6788286.143693 -1997.808594 8 86
456150.314715 6788286.143693 -1989.830811 9 86
456200.314715 6788286.143693 -1986.720093 10 86
456250.314715 6788286.143693 -1987.555908 11 86
456300.314715 6788286.143693 -1964.815552 12 86
456350.314715 6788286.143693 -1954.087280 13 86
456400.314715 6788286.143693 -1949.442505 14 86
456450.314715 6788286.143693 -1945.305664 15 86
456500.314715 6788286.143693 -1923.125610 16 86
456550.314715 6788286.143693 -1921.332275 17 86
456600.314715 6788286.143693 -1908.561035 18 86
456650.314715 6788286.143693 -1892.385254 19 86
456700.314715 6788286.143693 -1874.580933 20 86
456750.314715 6788286.143693 -1858.106201 21 86
456800.314715 6788286.143693 -1856.373047 22 86
456850.314715 6788286.143693 -1844.361694 23 86
456900.314715 6788286.143693 -1837.233398 24 86
455850.314715 6788336.143693 -1996.098755 3 87
455900.314715 6788336.143693 -1993.453613 4 87
455950.314715 6788336.143693 -1989.217896 5 87
456000.314715 6788336.143693 -1992.920410 6 87
456050.314715 6788336.143693 -1992.873413 7 87
456100.314715 6788336.143693 -1994.796387 8 87
456150.314715 6788336.143693 -1993.348145 9 87
456200.314715 6788336.143693 -1988.716919 10 87
456250.314715 6788336.143693 -1983.669800 11 87
456300.314715 6788336.143693 -1969.696777 12 87
456350.314715 6788336.143693 -1967.270996 13 87
456400.314715 6788336.143693 -1952.565674 14 87
456450.314715 6788336.143693 -1946.515503 15 87
456500.314715 6788336.143693 -1931.411865 16 87
456550.314715 6788336.143693 -1926.862915 17 87
456600.314715 6788336.143693 -1911.291016 18 87
456650.314715 6788336.143693 -1903.553223 19 87
456700.314715 6788336.143693 -1890.467773 20 87
456750.314715 6788336.143693 -1871.873047 21 87
456800.314715 6788336.143693 -1868.241455 22 87
456850.314715 6788336.143693 -1849.883911 23 87
456900.314715 6788336.143693 -1844.788208 24 87
455850.314715 6788386.143693 -1996.600464 3 88
455900.314715 6788386.143693 -1995.789185 4 88
455950.314715 6788386.143693 -1991.099854 5 88
456000.314715 6788386.143693 -1997.749146 6 88
456050.314715 6788386.143693 -1994.401733 7 88
456100.314715 6788386.143693 -1993.282715 8 88
456150.314715 6788386.143693 -1990.035156 9 88
456200.314715 6788386.143693 -1985.033203 10 88
456250.314715 6788386.143693 -1986.903687 11 88
456300.314715 6788386.143693 -1970.142578 12 88
456350.314715 6788386.143693 -1973.223022 13 88
456400.314715 6788386.143693 -1952.744385 14 88
456450.314715 6788386.143693 -1947.944092 15 88
456500.314715 6788386.143693 -1942.826294 16 88
456550.314715 6788386.143693 -1935.604980 17 88
456600.314715 6788386.143693 -1918.657837 18 88
456650.314715 6788386.143693 -1907.830322 19 88
456700.314715 6788386.143693 -1896.109985 20 88
456750.314715 6788386.143693 -1874.051270 21 88
456800.314715 6788386.143693 -1862.218262 22 88
456850.314715 6788386.143693 -1853.723755 23 88
456900.314715 6788386.143693 -1853.332031 24 88
455850.314715 6788436.143693 -1992.597046 3 89
455900.314715 6788436.143693 -1988.930542 4 89
455950.314715 6788436.143693 -1984.950317 5 89
456000.314715 6788436.143693 -1990.720947 6 89
456050.314715 6788436.143693 -1995.834717 7 89
456100.314715 6788436.143693 -1985.000000 8 89
456150.314715 6788436.143693 -1975.909058 9 89
456200.314715 6788436.143693 -1975.051270 10 89
456250.314715 6788436.143693 -1991.780640 11 89
456300.314715 6788436.143693 -1984.533325 12 89
456350.314715 6788436.143693 -1980.609985 13 89
456400.314715 6788436.143693 -1975.694336 14 89
456450.314715 6788436.143693 -1966.081909 15 89
456500.314715 6788436.143693 -1957.178955 16 89
456550.314715 6788436.143693 -1959.848633 17 89
456600.314715 6788436.143693 -1953.619385 18 89
456650.314715 6788436.143693 -1925.316162 19 89
456700.314715 6788436.143693 -1916.044678 20 89
456750.314715 6788436.143693 -1892.757568 21 89
456800.314715 6788436.143693 -1882.745850 22 89
456850.314715 6788436.143693 -1865.799194 23 89
456900.314715 6788436.143693 -1856.974609 24 89
455850.314715 6788486.143693 -1990.937622 3 90
455900.314715 6788486.143693 -1989.491699 4 90
455950.314715 6788486.143693 -1987.836914 5 90
456000.314715 6788486.143693 -1986.310059 6 90
456050.314715 6788486.143693 -1995.509521 7 90
456100.314715 6788486.143693 -1998.285400 8 90
456150.314715 6788486.143693 -1976.076416 9 90
456200.314715 6788486.143693 -1979.736816 10 90
456250.314715 6788486.143693 -1992.664307 11 90
456300.314715 6788486.143693 -1989.436279 12 90
456350.314715 6788486.143693 -1986.084961 13 90
456400.314715 6788486.143693 -1984.740967 14 90
456450.314715 6788486.143693 -1954.848511 15 90
456500.314715 6788486.143693 -1947.762207 16 90
456550.314715 6788486.143693 -1949.483643 17 90
456600.314715 6788486.143693 -1934.160156 18 90
456650.314715 6788486.143693 -1918.619873 19 90
456700.314715 6788486.143693 -1908.739990 20 90
456750.314715 6788486.143693 -1906.913696 21 90
455850.314715 6788536.143693 -1986.992310 3 91
455900.314715 6788536.143693 -1985.843994 4 91
455950.314715 6788536.143693 -1980.566528 5 91
456000.314715 6788536.143693 -1979.130615 6 91
456050.314715 6788536.143693 -1987.537109 7 91
456100.314715 6788536.143693 -1995.136841 8 91
456150.314715 6788536.143693 -1987.451660 9 91
456200.314715 6788536.143693 -1992.682983 10 91
456250.314715 6788536.143693 -1991.064453 11 91
456300.314715 6788536.143693 -1988.924805 12 91
456350.314715 6788536.143693 -1989.125977 13 91
456400.314715 6788536.143693 -1978.984741 14 91
456450.314715 6788536.143693 -1966.911743 15 91
456500.314715 6788536.143693 -1949.820190 16 91
456550.314715 6788536.143693 -1945.480713 17 91
456600.314715 6788536.143693 -1930.877808 18 91
456650.314715 6788536.143693 -1920.430664 19 91
456700.314715 6788536.143693 -1916.168579 20 91
456750.314715 6788536.143693 -1910.727539 21 91
455850.314715 6788586.143693 -1985.436401 3 92
455900.314715 6788586.143693 -1984.558228 4 92
455950.314715 6788586.143693 -1977.140137 5 92
456000.314715 6788586.143693 -1974.845337 6 92
456050.314715 6788586.143693 -1985.146362 7 92
456100.314715 6788586.143693 -1996.919800 8 92
456150.314715 6788586.143693 -1996.294434 9 92
456200.314715 6788586.143693 -1993.078979 10 92
456250.314715 6788586.143693 -1986.646118 11 92
456300.314715 6788586.143693 -1985.708130 12 92
456350.314715 6788586.143693 -1974.624512 13 92
456400.314715 6788586.143693 -1972.553711 14 92
456450.314715 6788586.143693 -1959.753296 15 92
456500.314715 6788586.143693 -1946.158081 16 92
456550.314715 6788586.143693 -1951.108887 17 92
456600.314715 6788586.143693 -1945.496582 18 92
456650.314715 6788586.143693 -1929.771606 19 92
456700.314715 6788586.143693 -1924.570068 20 92
456750.314715 6788586.143693 -1913.193359 21 92
455850.314715 6788636.143693 -1991.237183 3 93
455900.314715 6788636.143693 -1995.205688 4 93
455950.314715 6788636.143693 -1988.993042 5 93
456000.314715 6788636.143693 -1987.035645 6 93
456050.314715 6788636.143693 -1988.694580 7 93
456100.314715 6788636.143693 -1990.060669 8 93
456150.314715 6788636.143693 -1998.088867 9 93
456200.314715 6788636.143693 -1998.354736 10 93
456250.314715 6788636.143693 -1989.699951 11 93
456300.314715 6788636.143693 -1979.382446 12 93
456350.314715 6788636.143693 -1968.852173 13 93
456400.314715 6788636.143693 -1965.317627 14 93
456450.314715 6788636.143693 -1956.672607 15 93
456500.314715 6788636.143693 -1950.726807 16 93
456550.314715 6788636.143693 -1945.038086 17 93
456600.314715 6788636.143693 -1946.395264 18 93
456650.314715 6788636.143693 -1927.689819 19 93
456700.314715 6788636.143693 -1916.170532 20 93
456750.314715 6788636.143693 -1908.414917 21 93
455900.314715 6788686.143693 -2000.120728 4 94
455950.314715 6788686.143693 -1997.318115 5 94
456000.314715 6788686.143693 -1989.441406 6 94
456050.314715 6788686.143693 -1990.612427 7 94
456100.314715 6788686.143693 -1989.716064 8 94
456150.314715 6788686.143693 -1986.599731 9 94
456200.314715 6788686.143693 -1992.098267 10 94
456250.314715 6788686.143693 -1986.526978 11 94
456300.314715 6788686.143693 -1979.351074 12 94
456350.314715 6788686.143693 -1974.943604 13 94
456400.314715 6788686.143693 -1965.001587 14 94
456450.314715 6788686.143693 -1962.300415 15 94
456500.314715 6788686.143693 -1960.813599 16 94
456550.314715 6788686.143693 -1952.491577 17 94
456600.314715 6788686.143693 -1944.723389 18 94
456650.314715 6788686.143693 -1925.456543 19 94
456700.314715 6788686.143693 -1916.216919 20 94
456750.314715 6788686.143693 -1904.111572 21 94
455900.314715 6788736.143693 -1996.883789 4 95
455950.314715 6788736.143693 -1997.681396 5 95
456000.314715 6788736.143693 -1992.992920 6 95
456050.314715 6788736.143693 -1992.263916 7 95
456100.314715 6788736.143693 -1986.634155 8 95
456150.314715 6788736.143693 -1986.473755 9 95
456200.314715 6788736.143693 -1985.665039 10 95
456250.314715 6788736.143693 -1975.874390 11 95
456300.314715 6788736.143693 -1979.533936 12 95
456350.314715 6788736.143693 -1979.771484 13 95
456400.314715 6788736.143693 -1976.125000 14 95
456450.314715 6788736.143693 -1967.990723 15 95
456500.314715 6788736.143693 -1961.731445 16 95
456550.314715 6788736.143693 -1956.649414 17 95
456600.314715 6788736.143693 -1953.302246 18 95
456650.314715 6788736.143693 -1936.644165 19 95
456700.314715 6788736.143693 -1914.600220 20 95
456750.314715 6788736.143693 -1911.859497 21 95
455900.314715 6788786.143693 -1982.792969 4 96
455950.314715 6788786.143693 -1989.889648 5 96
456000.314715 6788786.143693 -1996.563965 6 96
456050.314715 6788786.143693 -1992.663330 7 96
456100.314715 6788786.143693 -1988.417480 8 96
456150.314715 6788786.143693 -1985.920898 9 96
456200.314715 6788786.143693 -1983.552734 10 96
456250.314715 6788786.143693 -1979.444092 11 96
456300.314715 6788786.143693 -1979.973267 12 96
456350.314715 6788786.143693 -1981.035767 13 96
456400.314715 6788786.143693 -1983.544434 14 96
456450.314715 6788786.143693 -1978.811646 15 96
456500.314715 6788786.143693 -1970.302979 16 96
456550.314715 6788786.143693 -1962.725708 17 96
456600.314715 6788786.143693 -1958.293457 18 96
456650.314715 6788786.143693 -1946.545532 19 96
456700.314715 6788786.143693 -1928.629761 20 96
456750.314715 6788786.143693 -1905.949097 21 96
455900.314715 6788836.143693 -2005.599609 4 97
455950.314715 6788836.143693 -2003.026489 5 97
456000.314715 6788836.143693 -2000.646851 6 97
456050.314715 6788836.143693 -1998.705566 7 97
456100.314715 6788836.143693 -1992.097412 8 97
456150.314715 6788836.143693 -1982.593262 9 97
456200.314715 6788836.143693 -1982.443970 10 97
456250.314715 6788836.143693 -1980.312622 11 97
456300.314715 6788836.143693 -1980.647461 12 97
456350.314715 6788836.143693 -1981.773071 13 97
456400.314715 6788836.143693 -1977.845459 14 97
456450.314715 6788836.143693 -1971.316406 15 97
456500.314715 6788836.143693 -1963.307495 16 97
456550.314715 6788836.143693 -1966.391724 17 97
456600.314715 6788836.143693 -1957.525635 18 97
456650.314715 6788836.143693 -1941.632568 19 97
456700.314715 6788836.143693 -1930.700806 20 97
456750.314715 6788836.143693 -1902.245239 21 97
455950.314715 6788886.143693 -1983.409180 5 98
456000.314715 6788886.143693 -1982.715454 6 98
456050.314715 6788886.143693 -1971.438843 7 98
456100.314715 6788886.143693 -1972.798828 8 98
456150.314715 6788886.143693 -1980.774170 9 98
456200.314715 6788886.143693 -1980.407471 10 98
456250.314715 6788886.143693 -1980.256226 11 98
456300.314715 6788886.143693 -1981.598755 12 98
456350.314715 6788886.143693 -1977.484985 13 98
456400.314715 6788886.143693 -1972.267944 14 98
456450.314715 6788886.143693 -1964.819092 15 98
456500.314715 6788886.143693 -1967.646484 16 98
456550.314715 6788886.143693 -1967.359741 17 98
456600.314715 6788886.143693 -1959.900146 18 98
456650.314715 6788886.143693 -1946.135132 19 98
456700.314715 6788886.143693 -1938.456665 20 98
456750.314715 6788886.143693 -1915.719238 21 98
456800.314715 6788886.143693 -1891.864258 22 98
455950.314715 6788936.143693 -1980.607300 5 99
456000.314715 6788936.143693 -1988.220093 6 99
456050.314715 6788936.143693 -1996.175781 7 99
456100.314715 6788936.143693 -1991.826660 8 99
456150.314715 6788936.143693 -1983.623291 9 99
456200.314715 6788936.143693 -1975.373657 10 99
456250.314715 6788936.143693 -1970.298950 11 99
456300.314715 6788936.143693 -1973.676147 12 99
456350.314715 6788936.143693 -1976.372070 13 99
456400.314715 6788936.143693 -1981.478394 14 99
456450.314715 6788936.143693 -1977.177124 15 99
456500.314715 6788936.143693 -1970.638672 16 99
456550.314715 6788936.143693 -1966.672974 17 99
456600.314715 6788936.143693 -1957.959961 18 99
456650.314715 6788936.143693 -1946.088379 19 99
456700.314715 6788936.143693 -1934.737793 20 99
456750.314715 6788936.143693 -1899.562012 21 99
456800.314715 6788936.143693 -1883.006958 22 99
455950.314715 6788986.143693 -1983.145874 5 100
456000.314715 6788986.143693 -1992.810181 6 100
456050.314715 6788986.143693 -1997.699463 7 100
456100.314715 6788986.143693 -1991.799316 8 100
456150.314715 6788986.143693 -1980.806274 9 100
456200.314715 6788986.143693 -1977.116821 10 100
456250.314715 6788986.143693 -1975.026123 11 100
456300.314715 6788986.143693 -1979.196045 12 100
456350.314715 6788986.143693 -1976.553833 13 100
456400.314715 6788986.143693 -1976.900269 14 100
456450.314715 6788986.143693 -1973.229004 15 100
456500.314715 6788986.143693 -1972.218384 16 100
456550.314715 6788986.143693 -1966.298584 17 100
456600.314715 6788986.143693 -1957.964478 18 100
456650.314715 6788986.143693 -1947.744385 19 100
456700.314715 6788986.143693 -1936.843994 20 100
456750.314715 6788986.143693 -1910.522095 21 100
456800.314715 6788986.143693 -1914.770874 22 100
456000.314715 6789036.143693 -2002.356323 6 101
456050.314715 6789036.143693 -2001.631470 7 101
456100.314715 6789036.143693 -1990.374023 8 101
456150.314715 6789036.143693 -1981.263794 9 101
456200.314715 6789036.143693 -1976.158936 10 101
456250.314715 6789036.143693 -1971.146484 11 101
456300.314715 6789036.143693 -1961.665527 12 101
456350.314715 6789036.143693 -1969.962524 13 101
456400.314715 6789036.143693 -1974.624512 14 101
456450.314715 6789036.143693 -1971.848267 15 101
456500.314715 6789036.143693 -1971.661255 16 101
456550.314715 6789036.143693 -1969.682617 17 101
456600.314715 6789036.143693 -1960.846802 18 101
456650.314715 6789036.143693 -1951.959961 19 101
456700.314715 6789036.143693 -1948.368408 20 101
456750.314715 6789036.143693 -1944.288452 21 101
456800.314715 6789036.143693 -1942.240723 22 101
456000.314715 6789086.143693 -2006.489014 6 102
456050.314715 6789086.143693 -2005.106567 7 102
456100.314715 6789086.143693 -1992.455078 8 102
456150.314715 6789086.143693 -1983.374390 9 102
456200.314715 6789086.143693 -1969.057495 10 102
456250.314715 6789086.143693 -1973.083374 11 102
456300.314715 6789086.143693 -1982.149902 12 102
456350.314715 6789086.143693 -1966.103638 13 102
456400.314715 6789086.143693 -1972.599854 14 102
456450.314715 6789086.143693 -1974.233154 15 102
456500.314715 6789086.143693 -1979.521484 16 102
456550.314715 6789086.143693 -1970.407349 17 102
456600.314715 6789086.143693 -1958.544312 18 102
456650.314715 6789086.143693 -1959.547241 19 102
456700.314715 6789086.143693 -1959.594238 20 102
456750.314715 6789086.143693 -1950.365601 21 102
456800.314715 6789086.143693 -1947.545410 22 102
456050.314715 6789136.143693 -2002.271118 7 103
456100.314715 6789136.143693 -1994.071411 8 103
456150.314715 6789136.143693 -1986.262451 9 103
456200.314715 6789136.143693 -1971.719116 10 103
456250.314715 6789136.143693 -1971.079956 11 103
456300.314715 6789136.143693 -1975.754761 12 103
456350.314715 6789136.143693 -1974.709229 13 103
456400.314715 6789136.143693 -1981.922607 14 103
456450.314715 6789136.143693 -1983.970703 15 103
456500.314715 6789136.143693 -1991.201294 16 103
456550.314715 6789136.143693 -1989.374634 17 103
456600.314715 6789136.143693 -1961.989380 18 103
456650.314715 6789136.143693 -1960.656372 19 103
456700.314715 6789136.143693 -1950.023926 20 103
456750.314715 6789136.143693 -1946.934204 21 103
456800.314715 6789136.143693 -1935.806763 22 103
456850.314715 6789136.143693 -1923.067017 23 103
456050.314715 6789186.143693 -2002.915405 7 104
456100.314715 6789186.143693 -1993.156982 8 104
456150.314715 6789186.143693 -1994.654297 9 104
456200.314715 6789186.143693 -1979.864868 10 104
456250.314715 6789186.143693 -1968.932739 11 104
456300.314715 6789186.143693 -1962.457764 12 104
456350.314715 6789186.143693 -1985.409668 13 104
456400.314715 6789186.143693 -1995.740845 14 104
456450.314715 6789186.143693 -1987.147217 15 104
456500.314715 6789186.143693 -1984.626709 16 104
456550.314715 6789186.143693 -1979.387451 17 104
456600.314715 6789186.143693 -1968.781250 18 104
456650.314715 6789186.143693 -1963.187866 19 104
456700.314715 6789186.143693 -1948.959717 20 104
456750.314715 6789186.143693 -1935.735474 21 104
456800.314715 6789186.143693 -1930.709229 22 104
456850.314715 6789186.143693 -1921.113525 23 104
456050.314715 6789236.143693 -2016.764771 7 105
456100.314715 6789236.143693 -1998.801758 8 105
456150.314715 6789236.143693 -2002.285156 9 105
456200.314715 6789236.143693 -1988.411255 10 105
456250.314715 6789236.143693 -1982.513916 11 105
456300.314715 6789236.143693 -1995.722900 12 105
456350.314715 6789236.143693 -1996.115967 13 105
456400.314715 6789236.143693 -1993.706665 14 105
456450.314715 6789236.143693 -1988.160400 15 105
456500.314715 6789236.143693 -1988.118286 16 105
456550.314715 6789236.143693 -1983.324341 17 105
456600.314715 6789236.143693 -1977.447388 18 105
456650.314715 6789236.143693 -1970.025024 19 105
456700.314715 6789236.143693 -1956.657959 20 105
456750.314715 6789236.143693 -1944.391357 21 105
456800.314715 6789236.143693 -1936.227051 22 105
456850.314715 6789236.143693 -1915.239380 23 105
456050.314715 6789286.143693 -2020.018677 7 106
456100.314715 6789286.143693 -2002.247803 8 106
456150.314715 6789286.143693 -2000.538574 9 106
456200.314715 6789286.143693 -1987.006226 10 106
456250.314715 6789286.143693 -1982.748413 11 106
456300.314715 6789286.143693 -1994.034546 12 106
456350.314715 6789286.143693 -1995.141968 13 106
456400.314715 6789286.143693 -1984.738037 14 106
456450.314715 6789286.143693 -1987.021118 15 106
456500.314715 6789286.143693 -1990.243042 16 106
456550.314715 6789286.143693 -1990.388550 17 106
456600.314715 6789286.143693 -1988.076050 18 106
456650.314715 6789286.143693 -1971.317627 19 106
456700.314715 6789286.143693 -1968.205078 20 106
456750.314715 6789286.143693 -1949.767822 21 106
456800.314715 6789286.143693 -1940.360840 22 106
456850.314715 6789286.143693 -1920.078247 23 106
456050.314715 6789336.143693 -2023.789673 7 107
456100.314715 6789336.143693 -2015.644043 8 107
456150.314715 6789336.143693 -2006.209595 9 107
456200.314715 6789336.143693 -1996.750244 10 107
456250.314715 6789336.143693 -1996.506592 11 107
456300.314715 6789336.143693 -1992.970093 12 107
456350.314715 6789336.143693 -1992.865356 13 107
456400.314715 6789336.143693 -1988.832153 14 107
456450.314715 6789336.143693 -1987.990356 15 107
456500.314715 6789336.143693 -1987.956299 16 107
456550.314715 6789336.143693 -1986.603760 17 107
456600.314715 6789336.143693 -1991.155396 18 107
456650.314715 6789336.143693 -1976.861694 19 107
456700.314715 6789336.143693 -1970.815918 20 107
456750.314715 6789336.143693 -1958.264160 21 107
456800.314715 6789336.143693 -1949.031250 22 107
456850.314715 6789336.143693 -1938.129272 23 107
456050.314715 6789386.143693 -2023.757324 7 108
456100.314715 6789386.143693 -2024.574097 8 108
456150.314715 6789386.143693 -2013.791382 9 108
456200.314715 6789386.143693 -2006.879883 10 108
456250.314715 6789386.143693 -2000.692383 11 108
456300.314715 6789386.143693 -2002.918091 12 108
456350.314715 6789386.143693 -1997.912964 13 108
456400.314715 6789386.143693 -1996.623901 14 108
456450.314715 6789386.143693 -1993.307495 15 108
456500.314715 6789386.143693 -1993.246704 16 108
456550.314715 6789386.143693 -1990.776367 17 108
456600.314715 6789386.143693 -1991.617920 18 108
456650.314715 6789386.143693 -1987.824219 19 108
456700.314715 6789386.143693 -1974.084839 20 108
456750.314715 6789386.143693 -1969.818481 21 108
456800.314715 6789386.143693 -1956.802612 22 108
456850.314715 6789386.143693 -1953.023071 23 108
456900.314715 6789386.143693 -1950.952148 24 108
456000.314715 6789436.143693 -2035.530396 6 109
456050.314715 6789436.143693 -2029.206299 7 109
456100.314715 6789436.143693 -2024.809204 8 109
456150.314715 6789436.143693 -2025.093750 9 109
456200.314715 6789436.143693 -2014.954834 10 109
456250.314715 6789436.143693 -2006.313232 11 109
456300.314715 6789436.143693 -2000.846313 12 109
456350.314715 6789436.143693 -2006.030396 13 109
456400.314715 6789436.143693 -2001.443115 14 109
456450.314715 6789436.143693 -2001.890381 15 109
456500.314715 6789436.143693 -2001.188232 16 109
456550.314715 6789436.143693 -1997.911133 17 109
456600.314715 6789436.143693 -1992.712646 18 109
456650.314715 6789436.143693 -1992.502075 19 109
456700.314715 6789436.143693 -1984.164063 20 109
456750.314715 6789436.143693 -1971.474609 21 109
456800.314715 6789436.143693 -1965.855713 22 109
456850.314715 6789436.143693 -1960.180786 23 109
456900.314715 6789436.143693 -1957.348511 24 109
456000.314715 6789486.143693 -2044.724976 6 110
456050.314715 6789486.143693 -2041.904541 7 110
456100.314715 6789486.143693 -2030.793579 8 110
456150.314715 6789486.143693 -2029.613892 9 110
456200.314715 6789486.143693 -2023.962524 10 110
456250.314715 6789486.143693 -2017.556030 11 110
456300.314715 6789486.143693 -2000.180786 12 110
456350.314715 6789486.143693 -2003.265991 13 110
456400.314715 6789486.143693 -2009.687378 14 110
456450.314715 6789486.143693 -2004.876099 15 110
456500.314715 6789486.143693 -2006.604126 16 110
456550.314715 6789486.143693 -2004.324463 17 110
456600.314715 6789486.143693 -1996.117798 18 110
456650.314715 6789486.143693 -1995.654541 19 110
456700.314715 6789486.143693 -1988.361694 20 110
456750.314715 6789486.143693 -1975.104370 21 110
456800.314715 6789486.143693 -1972.113281 22 110
456850.314715 6789486.143693 -1967.109009 23 110
456900.314715 6789486.143693 -1965.504272 24 110
456000.314715 6789536.143693 -2047.650757 6 111
456050.314715 6789536.143693 -2039.309204 7 111
456100.314715 6789536.143693 -2037.909546 8 111
456150.314715 6789536.143693 -2030.340942 9 111
456200.314715 6789536.143693 -2030.062866 10 111
456250.314715 6789536.143693 -2025.201050 11 111
456300.314715 6789536.143693 -2016.004395 12 111
456350.314715 6789536.143693 -2015.282104 13 111
456400.314715 6789536.143693 -2011.245239 14 111
456450.314715 6789536.143693 -2006.293213 15 111
456500.314715 6789536.143693 -2008.068481 16 111
456550.314715 6789536.143693 -2007.572266 17 111
456600.314715 6789536.143693 -2001.109009 18 111
456650.314715 6789536.143693 -1996.900635 19 111
456700.314715 6789536.143693 -1994.182251 20 111
456750.314715 6789536.143693 -1981.615845 21 111
456800.314715 6789536.143693 -1977.648682 22 111
456850.314715 6789536.143693 -1973.382935 23 111
456900.314715 6789536.143693 -1969.515625 24 111
456150.314715 6789586.143693 -2032.563354 9 112
456200.314715 6789586.143693 -2032.749268 10 112
456250.314715 6789586.143693 -2029.217041 11 112
456300.314715 6789586.143693 -2023.337036 12 112
456350.314715 6789586.143693 -2020.882690 13 112
456400.314715 6789586.143693 -2015.685913 14 112
456450.314715 6789586.143693 -2010.483154 15 112
456500.314715 6789586.143693 -2012.644775 16 112
456550.314715 6789586.143693 -2012.804077 17 112
456600.314715 6789586.143693 -2005.796509 18 112
456650.314715 6789586.143693 -2001.964111 19 112
456700.314715 6789586.143693 -1996.344727 20 112
456750.314715 6789586.143693 -1988.859741 21 112
456800.314715 6789586.143693 -1984.717896 22 112
456850.314715 6789586.143693 -1980.797974 23 112
456900.314715 6789586.143693 -1973.589722 24 112
456950.314715 6789586.143693 -1971.827148 25 112
456500.314715 6789636.143693 -2015.735840 16 113
456550.314715 6789636.143693 -2015.119141 17 113
456600.314715 6789636.143693 -2013.069824 18 113
456650.314715 6789636.143693 -2010.629150 19 113
456700.314715 6789636.143693 -2003.459595 20 113
456750.314715 6789636.143693 -1998.396851 21 113
456800.314715 6789636.143693 -1989.270752 22 113
456850.314715 6789636.143693 -1985.431885 23 113
456900.314715 6789636.143693 -1979.913696 24 113
456950.314715 6789636.143693 -1976.682617 25 113
