# Type: scattered data
# Version: 6
# Description: No description
# Format: free
# Field: 1 x
# Field: 2 y
# Field: 3 z milliseconds
# Field: 4 column
# Field: 5 row
# Projection: Local Rectangular
# Units: meters
# End:
# Information from grid:
# Grid_size: 33 x 83
# Grid_space: 457271.547992,458871.547992,6785434.343033,6789534.343033
# Scattered data: Not_available
# Z_field: z
# Vertical_faults: Not_available
# History: No history
# Z_units: milliseconds
458021.547992 6785484.343033 -1810.907471 16 2
458071.547992 6785484.343033 -1826.690308 17 2
458121.547992 6785484.343033 -1825.273682 18 2
458171.547992 6785484.343033 -1822.189331 19 2
458221.547992 6785484.343033 -1819.567871 20 2
458271.547992 6785484.343033 -1828.605957 21 2
458321.547992 6785484.343033 -1832.553467 22 2
458371.547992 6785484.343033 -1827.759521 23 2
458421.547992 6785484.343033 -1825.409912 24 2
458471.547992 6785484.343033 -1822.606934 25 2
458521.547992 6785484.343033 -1823.314331 26 2
458571.547992 6785484.343033 -1826.632446 27 2
457821.547992 6785534.343033 -1814.250244 12 3
457871.547992 6785534.343033 -1836.554443 13 3
457921.547992 6785534.343033 -1830.295166 14 3
457971.547992 6785534.343033 -1821.263428 15 3
458021.547992 6785534.343033 -1811.623779 16 3
458071.547992 6785534.343033 -1831.974854 17 3
458121.547992 6785534.343033 -1832.521973 18 3
458171.547992 6785534.343033 -1829.465088 19 3
458221.547992 6785534.343033 -1823.418579 20 3
458271.547992 6785534.343033 -1835.278931 21 3
458321.547992 6785534.343033 -1839.409180 22 3
458371.547992 6785534.343033 -1833.955078 23 3
458421.547992 6785534.343033 -1830.902710 24 3
458471.547992 6785534.343033 -1827.921631 25 3
458521.547992 6785534.343033 -1828.597046 26 3
458571.547992 6785534.343033 -1831.780151 27 3
457821.547992 6785584.343033 -1813.968628 12 4
457871.547992 6785584.343033 -1821.249878 13 4
457921.547992 6785584.343033 -1837.157593 14 4
457971.547992 6785584.343033 -1834.818970 15 4
458021.547992 6785584.343033 -1822.950073 16 4
458071.547992 6785584.343033 -1828.031006 17 4
458121.547992 6785584.343033 -1839.609131 18 4
458171.547992 6785584.343033 -1845.334961 19 4
458221.547992 6785584.343033 -1826.701660 20 4
458271.547992 6785584.343033 -1843.720825 21 4
458321.547992 6785584.343033 -1844.060669 22 4
458371.547992 6785584.343033 -1843.782593 23 4
458421.547992 6785584.343033 -1836.070313 24 4
458471.547992 6785584.343033 -1834.768555 25 4
458521.547992 6785584.343033 -1834.760498 26 4
458571.547992 6785584.343033 -1836.880859 27 4
457771.547992 6785634.343033 -1818.193359 11 5
457821.547992 6785634.343033 -1816.743408 12 5
457871.547992 6785634.343033 -1818.266968 13 5
457921.547992 6785634.343033 -1826.891846 14 5
457971.547992 6785634.343033 -1814.203125 15 5
458021.547992 6785634.343033 -1820.301147 16 5
458071.547992 6785634.343033 -1827.105957 17 5
458121.547992 6785634.343033 -1836.047485 18 5
458171.547992 6785634.343033 -1840.582153 19 5
458221.547992 6785634.343033 -1834.233887 20 5
458271.547992 6785634.343033 -1837.888184 21 5
458321.547992 6785634.343033 -1844.007080 22 5
458371.547992 6785634.343033 -1838.109009 23 5
458421.547992 6785634.343033 -1838.433716 24 5
458471.547992 6785634.343033 -1837.862183 25 5
458521.547992 6785634.343033 -1834.660400 26 5
458571.547992 6785634.343033 -1839.508301 27 5
457771.547992 6785684.343033 -1818.297485 11 6
457821.547992 6785684.343033 -1823.597412 12 6
457871.547992 6785684.343033 -1815.180908 13 6
457921.547992 6785684.343033 -1814.869263 14 6
457971.547992 6785684.343033 -1814.614868 15 6
458021.547992 6785684.343033 -1823.101563 16 6
458071.547992 6785684.343033 -1828.037598 17 6
458121.547992 6785684.343033 -1833.156250 18 6
458171.547992 6785684.343033 -1838.435425 19 6
458221.547992 6785684.343033 -1837.143066 20 6
458271.547992 6785684.343033 -1843.086304 21 6
458321.547992 6785684.343033 -1842.475098 22 6
458371.547992 6785684.343033 -1835.892334 23 6
458421.547992 6785684.343033 -1837.834839 24 6
458471.547992 6785684.343033 -1839.857056 25 6
458521.547992 6785684.343033 -1837.605347 26 6
458571.547992 6785684.343033 -1842.975952 27 6
457721.547992 6785734.343033 -1811.144775 10 7
457771.547992 6785734.343033 -1819.481079 11 7
457821.547992 6785734.343033 -1811.553589 12 7
457871.547992 6785734.343033 -1814.052124 13 7
457921.547992 6785734.343033 -1816.987305 14 7
457971.547992 6785734.343033 -1817.506470 15 7
458021.547992 6785734.343033 -1826.461914 16 7
458071.547992 6785734.343033 -1830.848267 17 7
458121.547992 6785734.343033 -1830.575195 18 7
458171.547992 6785734.343033 -1840.265259 19 7
458221.547992 6785734.343033 -1842.436401 20 7
458271.547992 6785734.343033 -1857.211182 21 7
458321.547992 6785734.343033 -1835.689209 22 7
458371.547992 6785734.343033 -1838.667236 23 7
458421.547992 6785734.343033 -1840.121704 24 7
458471.547992 6785734.343033 -1841.941650 25 7
458521.547992 6785734.343033 -1842.353516 26 7
458571.547992 6785734.343033 -1848.585205 27 7
457721.547992 6785784.343033 -1813.035400 10 8
457771.547992 6785784.343033 -1817.963745 11 8
457821.547992 6785784.343033 -1810.558105 12 8
457871.547992 6785784.343033 -1814.256348 13 8
457921.547992 6785784.343033 -1818.872192 14 8
457971.547992 6785784.343033 -1816.880737 15 8
458021.547992 6785784.343033 -1825.518555 16 8
458071.547992 6785784.343033 -1832.739014 17 8
458121.547992 6785784.343033 -1830.154175 18 8
458171.547992 6785784.343033 -1838.632202 19 8
458221.547992 6785784.343033 -1843.343506 20 8
458271.547992 6785784.343033 -1855.202637 21 8
458321.547992 6785784.343033 -1842.408081 22 8
458371.547992 6785784.343033 -1840.968872 23 8
458421.547992 6785784.343033 -1842.355835 24 8
458471.547992 6785784.343033 -1845.797241 25 8
458521.547992 6785784.343033 -1845.543823 26 8
458571.547992 6785784.343033 -1851.758789 27 8
457721.547992 6785834.343033 -1815.323730 10 9
457771.547992 6785834.343033 -1821.866821 11 9
457821.547992 6785834.343033 -1820.474365 12 9
457871.547992 6785834.343033 -1813.914307 13 9
457921.547992 6785834.343033 -1819.719360 14 9
457971.547992 6785834.343033 -1820.360596 15 9
458021.547992 6785834.343033 -1826.128784 16 9
458071.547992 6785834.343033 -1831.276855 17 9
458121.547992 6785834.343033 -1834.999268 18 9
458171.547992 6785834.343033 -1837.075684 19 9
458221.547992 6785834.343033 -1841.880737 20 9
458271.547992 6785834.343033 -1856.449463 21 9
458321.547992 6785834.343033 -1862.566162 22 9
458371.547992 6785834.343033 -1842.167358 23 9
458421.547992 6785834.343033 -1846.646973 24 9
458471.547992 6785834.343033 -1851.104736 25 9
458521.547992 6785834.343033 -1848.456787 26 9
458571.547992 6785834.343033 -1850.970093 27 9
457671.547992 6785884.343033 -1793.507568 9 10
457721.547992 6785884.343033 -1807.313477 10 10
457771.547992 6785884.343033 -1817.071899 11 10
457821.547992 6785884.343033 -1823.117432 12 10
457871.547992 6785884.343033 -1809.859375 13 10
457921.547992 6785884.343033 -1810.689209 14 10
457971.547992 6785884.343033 -1825.480957 15 10
458021.547992 6785884.343033 -1825.475830 16 10
458071.547992 6785884.343033 -1824.118896 17 10
458121.547992 6785884.343033 -1847.065796 18 10
458171.547992 6785884.343033 -1856.837280 19 10
458221.547992 6785884.343033 -1847.756836 20 10
458271.547992 6785884.343033 -1852.831299 21 10
458321.547992 6785884.343033 -1864.433228 22 10
458371.547992 6785884.343033 -1856.593872 23 10
458421.547992 6785884.343033 -1855.458008 24 10
458471.547992 6785884.343033 -1862.697266 25 10
458521.547992 6785884.343033 -1852.412842 26 10
458571.547992 6785884.343033 -1857.536865 27 10
457671.547992 6785934.343033 -1780.784180 9 11
457721.547992 6785934.343033 -1805.864258 10 11
457771.547992 6785934.343033 -1815.325806 11 11
457821.547992 6785934.343033 -1822.548828 12 11
457871.547992 6785934.343033 -1809.513916 13 11
457921.547992 6785934.343033 -1805.572144 14 11
457971.547992 6785934.343033 -1813.808350 15 11
458021.547992 6785934.343033 -1806.630005 16 11
458071.547992 6785934.343033 -1807.407471 17 11
458121.547992 6785934.343033 -1842.429199 18 11
458171.547992 6785934.343033 -1853.624878 19 11
458221.547992 6785934.343033 -1846.103271 20 11
458271.547992 6785934.343033 -1843.728149 21 11
458321.547992 6785934.343033 -1848.559570 22 11
458371.547992 6785934.343033 -1845.983765 23 11
458421.547992 6785934.343033 -1843.824585 24 11
458471.547992 6785934.343033 -1846.571167 25 11
458521.547992 6785934.343033 -1854.928101 26 11
458571.547992 6785934.343033 -1851.896851 27 11
457671.547992 6785984.343033 -1802.595459 9 12
457721.547992 6785984.343033 -1813.027344 10 12
457771.547992 6785984.343033 -1818.557617 11 12
457821.547992 6785984.343033 -1824.005493 12 12
457871.547992 6785984.343033 -1814.448975 13 12
457921.547992 6785984.343033 -1800.846313 14 12
457971.547992 6785984.343033 -1804.268921 15 12
458021.547992 6785984.343033 -1809.807373 16 12
458071.547992 6785984.343033 -1809.232788 17 12
458121.547992 6785984.343033 -1806.482910 18 12
458171.547992 6785984.343033 -1813.637451 19 12
458221.547992 6785984.343033 -1851.292358 20 12
458271.547992 6785984.343033 -1845.074707 21 12
458321.547992 6785984.343033 -1800.671509 22 12
458371.547992 6785984.343033 -1804.003052 23 12
458421.547992 6785984.343033 -1800.564331 24 12
458471.547992 6785984.343033 -1791.613037 25 12
458521.547992 6785984.343033 -1820.899414 26 12
458571.547992 6785984.343033 -1799.301880 27 12
458621.547992 6785984.343033 -1809.442993 28 12
457621.547992 6786034.343033 -1811.541748 8 13
457671.547992 6786034.343033 -1812.586548 9 13
457721.547992 6786034.343033 -1819.755005 10 13
457771.547992 6786034.343033 -1823.959229 11 13
457821.547992 6786034.343033 -1826.521118 12 13
457871.547992 6786034.343033 -1823.057373 13 13
457921.547992 6786034.343033 -1814.803833 14 13
457971.547992 6786034.343033 -1812.469604 15 13
458021.547992 6786034.343033 -1812.940308 16 13
458071.547992 6786034.343033 -1820.673828 17 13
458121.547992 6786034.343033 -1822.396606 18 13
458171.547992 6786034.343033 -1831.537598 19 13
458221.547992 6786034.343033 -1859.566650 20 13
458271.547992 6786034.343033 -1856.020264 21 13
458321.547992 6786034.343033 -1822.645752 22 13
458371.547992 6786034.343033 -1826.929810 23 13
458421.547992 6786034.343033 -1823.935791 24 13
458471.547992 6786034.343033 -1814.793213 25 13
458521.547992 6786034.343033 -1851.414429 26 13
458571.547992 6786034.343033 -1832.068359 27 13
458621.547992 6786034.343033 -1829.520020 28 13
457621.547992 6786084.343033 -1822.223755 8 14
457671.547992 6786084.343033 -1820.756348 9 14
457721.547992 6786084.343033 -1818.475098 10 14
457771.547992 6786084.343033 -1828.139893 11 14
457821.547992 6786084.343033 -1829.487915 12 14
457871.547992 6786084.343033 -1832.682861 13 14
457921.547992 6786084.343033 -1836.288330 14 14
457971.547992 6786084.343033 -1830.243408 15 14
458021.547992 6786084.343033 -1833.155029 16 14
458071.547992 6786084.343033 -1837.727295 17 14
458121.547992 6786084.343033 -1851.588501 18 14
458171.547992 6786084.343033 -1855.711792 19 14
458221.547992 6786084.343033 -1850.924438 20 14
458271.547992 6786084.343033 -1858.427734 21 14
458321.547992 6786084.343033 -1856.326660 22 14
458371.547992 6786084.343033 -1861.579468 23 14
458421.547992 6786084.343033 -1858.098145 24 14
458471.547992 6786084.343033 -1855.449707 25 14
458521.547992 6786084.343033 -1862.059326 26 14
458571.547992 6786084.343033 -1863.007690 27 14
458621.547992 6786084.343033 -1846.369995 28 14
457621.547992 6786134.343033 -1827.036865 8 15
457671.547992 6786134.343033 -1825.792236 9 15
457721.547992 6786134.343033 -1824.366577 10 15
457771.547992 6786134.343033 -1833.664673 11 15
457821.547992 6786134.343033 -1833.384644 12 15
457871.547992 6786134.343033 -1840.212280 13 15
457921.547992 6786134.343033 -1845.112061 14 15
457971.547992 6786134.343033 -1834.629761 15 15
458021.547992 6786134.343033 -1833.602417 16 15
458071.547992 6786134.343033 -1836.571289 17 15
458121.547992 6786134.343033 -1859.650757 18 15
458171.547992 6786134.343033 -1864.671387 19 15
458221.547992 6786134.343033 -1855.282104 20 15
458271.547992 6786134.343033 -1851.866211 21 15
458321.547992 6786134.343033 -1852.269287 22 15
458371.547992 6786134.343033 -1858.308960 23 15
458421.547992 6786134.343033 -1869.232056 24 15
458471.547992 6786134.343033 -1870.694092 25 15
458521.547992 6786134.343033 -1861.215088 26 15
458571.547992 6786134.343033 -1858.185913 27 15
458621.547992 6786134.343033 -1852.745361 28 15
457621.547992 6786184.343033 -1828.204468 8 16
457671.547992 6786184.343033 -1828.363892 9 16
457721.547992 6786184.343033 -1832.690308 10 16
457771.547992 6786184.343033 -1836.560181 11 16
457821.547992 6786184.343033 -1837.052612 12 16
457871.547992 6786184.343033 -1847.687988 13 16
457921.547992 6786184.343033 -1849.632080 14 16
457971.547992 6786184.343033 -1839.877686 15 16
458021.547992 6786184.343033 -1841.422729 16 16
458071.547992 6786184.343033 -1841.829712 17 16
458121.547992 6786184.343033 -1861.276367 18 16
458171.547992 6786184.343033 -1864.608398 19 16
458221.547992 6786184.343033 -1857.237671 20 16
458271.547992 6786184.343033 -1854.581909 21 16
458321.547992 6786184.343033 -1851.559692 22 16
458371.547992 6786184.343033 -1860.800049 23 16
458421.547992 6786184.343033 -1872.386475 24 16
458471.547992 6786184.343033 -1871.621460 25 16
458521.547992 6786184.343033 -1861.577881 26 16
458571.547992 6786184.343033 -1860.951050 27 16
458621.547992 6786184.343033 -1849.532715 28 16
457571.547992 6786234.343033 -1821.231079 7 17
457621.547992 6786234.343033 -1826.566040 8 17
457671.547992 6786234.343033 -1828.142578 9 17
457721.547992 6786234.343033 -1836.983643 10 17
457771.547992 6786234.343033 -1841.641846 11 17
457821.547992 6786234.343033 -1844.479126 12 17
457871.547992 6786234.343033 -1853.892456 13 17
457921.547992 6786234.343033 -1847.406738 14 17
457971.547992 6786234.343033 -1842.950684 15 17
458021.547992 6786234.343033 -1846.196167 16 17
458071.547992 6786234.343033 -1849.192261 17 17
458121.547992 6786234.343033 -1856.685181 18 17
458171.547992 6786234.343033 -1863.550415 19 17
458221.547992 6786234.343033 -1858.804443 20 17
458271.547992 6786234.343033 -1851.692261 21 17
458321.547992 6786234.343033 -1847.820435 22 17
458371.547992 6786234.343033 -1866.854248 23 17
458421.547992 6786234.343033 -1874.370361 24 17
458471.547992 6786234.343033 -1861.734741 25 17
458521.547992 6786234.343033 -1863.518555 26 17
458571.547992 6786234.343033 -1861.159790 27 17
458621.547992 6786234.343033 -1836.615601 28 17
457571.547992 6786284.343033 -1820.899780 7 18
457621.547992 6786284.343033 -1824.982788 8 18
457671.547992 6786284.343033 -1829.110229 9 18
457721.547992 6786284.343033 -1837.703613 10 18
457771.547992 6786284.343033 -1843.878784 11 18
457821.547992 6786284.343033 -1850.014648 12 18
457871.547992 6786284.343033 -1859.756470 13 18
457921.547992 6786284.343033 -1852.791870 14 18
457971.547992 6786284.343033 -1849.629639 15 18
458021.547992 6786284.343033 -1848.751953 16 18
458071.547992 6786284.343033 -1849.182983 17 18
458121.547992 6786284.343033 -1852.583496 18 18
458171.547992 6786284.343033 -1858.925781 19 18
458221.547992 6786284.343033 -1859.359375 20 18
458271.547992 6786284.343033 -1852.245361 21 18
458321.547992 6786284.343033 -1850.060669 22 18
458371.547992 6786284.343033 -1866.448486 23 18
458421.547992 6786284.343033 -1871.464355 24 18
458471.547992 6786284.343033 -1859.665894 25 18
458521.547992 6786284.343033 -1868.018555 26 18
458571.547992 6786284.343033 -1864.997925 27 18
458621.547992 6786284.343033 -1842.392578 28 18
457571.547992 6786334.343033 -1823.232544 7 19
457621.547992 6786334.343033 -1824.961792 8 19
457671.547992 6786334.343033 -1831.555298 9 19
457721.547992 6786334.343033 -1837.948853 10 19
457771.547992 6786334.343033 -1846.236450 11 19
457821.547992 6786334.343033 -1854.926025 12 19
457871.547992 6786334.343033 -1862.029419 13 19
457921.547992 6786334.343033 -1856.459839 14 19
457971.547992 6786334.343033 -1851.771729 15 19
458021.547992 6786334.343033 -1851.257080 16 19
458071.547992 6786334.343033 -1848.244019 17 19
458121.547992 6786334.343033 -1846.685669 18 19
458171.547992 6786334.343033 -1850.420166 19 19
458221.547992 6786334.343033 -1861.040649 20 19
458271.547992 6786334.343033 -1854.606812 21 19
458321.547992 6786334.343033 -1850.977173 22 19
458371.547992 6786334.343033 -1867.554810 23 19
458421.547992 6786334.343033 -1862.600708 24 19
458471.547992 6786334.343033 -1860.267578 25 19
458521.547992 6786334.343033 -1871.143311 26 19
458571.547992 6786334.343033 -1866.464600 27 19
458621.547992 6786334.343033 -1848.899902 28 19
457571.547992 6786384.343033 -1829.945679 7 20
457621.547992 6786384.343033 -1835.927002 8 20
457671.547992 6786384.343033 -1846.959229 9 20
457721.547992 6786384.343033 -1849.769897 10 20
457771.547992 6786384.343033 -1852.421997 11 20
457821.547992 6786384.343033 -1852.895020 12 20
457871.547992 6786384.343033 -1851.863892 13 20
457921.547992 6786384.343033 -1854.253052 14 20
457971.547992 6786384.343033 -1834.121460 15 20
458021.547992 6786384.343033 -1848.768433 16 20
458071.547992 6786384.343033 -1858.012817 17 20
458121.547992 6786384.343033 -1838.523560 18 20
458171.547992 6786384.343033 -1839.718872 19 20
458221.547992 6786384.343033 -1854.642944 20 20
458271.547992 6786384.343033 -1851.029785 21 20
458321.547992 6786384.343033 -1847.480469 22 20
458371.547992 6786384.343033 -1861.047974 23 20
458421.547992 6786384.343033 -1866.290527 24 20
458471.547992 6786384.343033 -1871.996094 25 20
458521.547992 6786384.343033 -1874.127441 26 20
458571.547992 6786384.343033 -1869.350220 27 20
458621.547992 6786384.343033 -1850.923218 28 20
457571.547992 6786434.343033 -1832.484985 7 21
457621.547992 6786434.343033 -1841.390137 8 21
457671.547992 6786434.343033 -1854.419189 9 21
457721.547992 6786434.343033 -1851.455811 10 21
457771.547992 6786434.343033 -1867.442627 11 21
457821.547992 6786434.343033 -1853.648926 12 21
457871.547992 6786434.343033 -1850.689453 13 21
457921.547992 6786434.343033 -1854.414307 14 21
457971.547992 6786434.343033 -1841.984985 15 21
458021.547992 6786434.343033 -1842.052124 16 21
458071.547992 6786434.343033 -1844.160645 17 21
458121.547992 6786434.343033 -1838.033569 18 21
458171.547992 6786434.343033 -1837.321533 19 21
458221.547992 6786434.343033 -1845.474365 20 21
458271.547992 6786434.343033 -1847.880859 21 21
458321.547992 6786434.343033 -1841.410156 22 21
458371.547992 6786434.343033 -1857.288452 23 21
458421.547992 6786434.343033 -1864.314575 24 21
458471.547992 6786434.343033 -1868.717896 25 21
458521.547992 6786434.343033 -1874.233032 26 21
458571.547992 6786434.343033 -1869.308838 27 21
458621.547992 6786434.343033 -1851.992310 28 21
457521.547992 6786484.343033 -1839.829956 6 22
457571.547992 6786484.343033 -1839.550171 7 22
457621.547992 6786484.343033 -1845.791992 8 22
457671.547992 6786484.343033 -1883.694702 9 22
457721.547992 6786484.343033 -1870.687378 10 22
457771.547992 6786484.343033 -1862.006226 11 22
457821.547992 6786484.343033 -1852.265381 12 22
457871.547992 6786484.343033 -1848.040039 13 22
457921.547992 6786484.343033 -1851.974976 14 22
457971.547992 6786484.343033 -1852.046997 15 22
458021.547992 6786484.343033 -1853.557129 16 22
458071.547992 6786484.343033 -1850.123169 17 22
458121.547992 6786484.343033 -1845.732422 18 22
458171.547992 6786484.343033 -1837.996216 19 22
458221.547992 6786484.343033 -1854.253906 20 22
458271.547992 6786484.343033 -1848.449585 21 22
458321.547992 6786484.343033 -1838.297974 22 22
458371.547992 6786484.343033 -1859.670776 23 22
458421.547992 6786484.343033 -1862.221680 24 22
458471.547992 6786484.343033 -1861.733765 25 22
458521.547992 6786484.343033 -1863.152100 26 22
458571.547992 6786484.343033 -1867.568237 27 22
458621.547992 6786484.343033 -1851.839844 28 22
457521.547992 6786534.343033 -1843.548340 6 23
457571.547992 6786534.343033 -1845.891724 7 23
457621.547992 6786534.343033 -1844.944824 8 23
457671.547992 6786534.343033 -1840.496460 9 23
457721.547992 6786534.343033 -1840.674805 10 23
457771.547992 6786534.343033 -1843.443359 11 23
457821.547992 6786534.343033 -1847.007568 12 23
457871.547992 6786534.343033 -1844.469849 13 23
457921.547992 6786534.343033 -1846.542603 14 23
457971.547992 6786534.343033 -1849.762939 15 23
458021.547992 6786534.343033 -1848.360596 16 23
458071.547992 6786534.343033 -1853.792114 17 23
458121.547992 6786534.343033 -1850.286621 18 23
458171.547992 6786534.343033 -1842.475464 19 23
458221.547992 6786534.343033 -1859.390137 20 23
458271.547992 6786534.343033 -1848.994263 21 23
458321.547992 6786534.343033 -1842.700928 22 23
458371.547992 6786534.343033 -1853.133545 23 23
458421.547992 6786534.343033 -1851.672119 24 23
458471.547992 6786534.343033 -1851.124023 25 23
458521.547992 6786534.343033 -1851.433350 26 23
458571.547992 6786534.343033 -1858.634155 27 23
458621.547992 6786534.343033 -1850.761353 28 23
457521.547992 6786584.343033 -1842.435303 6 24
457571.547992 6786584.343033 -1846.261353 7 24
457621.547992 6786584.343033 -1843.874634 8 24
457671.547992 6786584.343033 -1839.158569 9 24
457721.547992 6786584.343033 -1840.300781 10 24
457771.547992 6786584.343033 -1842.518066 11 24
457821.547992 6786584.343033 -1845.816162 12 24
457871.547992 6786584.343033 -1845.111084 13 24
457921.547992 6786584.343033 -1846.932983 14 24
457971.547992 6786584.343033 -1848.143921 15 24
458021.547992 6786584.343033 -1846.734863 16 24
458071.547992 6786584.343033 -1850.169067 17 24
458121.547992 6786584.343033 -1847.859863 18 24
458171.547992 6786584.343033 -1850.113525 19 24
458221.547992 6786584.343033 -1851.424683 20 24
458271.547992 6786584.343033 -1847.072144 21 24
458321.547992 6786584.343033 -1842.849854 22 24
458371.547992 6786584.343033 -1836.008545 23 24
458421.547992 6786584.343033 -1833.754272 24 24
458471.547992 6786584.343033 -1833.635864 25 24
458521.547992 6786584.343033 -1837.162598 26 24
458571.547992 6786584.343033 -1843.866943 27 24
457521.547992 6786634.343033 -1840.939697 6 25
457571.547992 6786634.343033 -1844.103149 7 25
457621.547992 6786634.343033 -1846.100220 8 25
457671.547992 6786634.343033 -1845.443726 9 25
457721.547992 6786634.343033 -1848.557251 10 25
457771.547992 6786634.343033 -1846.859863 11 25
457821.547992 6786634.343033 -1849.043335 12 25
457871.547992 6786634.343033 -1846.942871 13 25
457921.547992 6786634.343033 -1849.392090 14 25
457971.547992 6786634.343033 -1848.689575 15 25
458021.547992 6786634.343033 -1844.390625 16 25
458071.547992 6786634.343033 -1848.378540 17 25
458121.547992 6786634.343033 -1843.347656 18 25
458171.547992 6786634.343033 -1858.931274 19 25
458221.547992 6786634.343033 -1850.683228 20 25
458271.547992 6786634.343033 -1845.616211 21 25
458321.547992 6786634.343033 -1836.769165 22 25
458371.547992 6786634.343033 -1814.750732 23 25
458421.547992 6786634.343033 -1814.153442 24 25
458471.547992 6786634.343033 -1813.585693 25 25
458521.547992 6786634.343033 -1820.526245 26 25
458571.547992 6786634.343033 -1829.299927 27 25
457521.547992 6786684.343033 -1864.815796 6 26
457571.547992 6786684.343033 -1856.373779 7 26
457621.547992 6786684.343033 -1853.773560 8 26
457671.547992 6786684.343033 -1848.761475 9 26
457721.547992 6786684.343033 -1846.599609 10 26
457771.547992 6786684.343033 -1844.186279 11 26
457821.547992 6786684.343033 -1849.817871 12 26
457871.547992 6786684.343033 -1848.646973 13 26
457921.547992 6786684.343033 -1850.591187 14 26
457971.547992 6786684.343033 -1849.192993 15 26
458021.547992 6786684.343033 -1844.663940 16 26
458071.547992 6786684.343033 -1849.127319 17 26
458121.547992 6786684.343033 -1843.453491 18 26
458171.547992 6786684.343033 -1860.251587 19 26
458221.547992 6786684.343033 -1859.255737 20 26
458271.547992 6786684.343033 -1847.726074 21 26
458321.547992 6786684.343033 -1834.185303 22 26
458371.547992 6786684.343033 -1804.673828 23 26
458421.547992 6786684.343033 -1800.250122 24 26
458471.547992 6786684.343033 -1796.563965 25 26
458521.547992 6786684.343033 -1807.908081 26 26
458571.547992 6786684.343033 -1817.552856 27 26
457521.547992 6786734.343033 -1874.223999 6 27
457571.547992 6786734.343033 -1853.525024 7 27
457621.547992 6786734.343033 -1859.370605 8 27
457671.547992 6786734.343033 -1852.496826 9 27
457721.547992 6786734.343033 -1852.398926 10 27
457771.547992 6786734.343033 -1849.523438 11 27
457821.547992 6786734.343033 -1839.970581 12 27
457871.547992 6786734.343033 -1837.708130 13 27
457921.547992 6786734.343033 -1838.865845 14 27
457971.547992 6786734.343033 -1845.796509 15 27
458021.547992 6786734.343033 -1847.741943 16 27
458071.547992 6786734.343033 -1858.264648 17 27
458121.547992 6786734.343033 -1843.784546 18 27
458171.547992 6786734.343033 -1848.636353 19 27
458221.547992 6786734.343033 -1860.572388 20 27
458271.547992 6786734.343033 -1855.153564 21 27
458321.547992 6786734.343033 -1841.730591 22 27
458371.547992 6786734.343033 -1817.406372 23 27
458421.547992 6786734.343033 -1799.165527 24 27
458471.547992 6786734.343033 -1793.214966 25 27
458521.547992 6786734.343033 -1808.888428 26 27
457521.547992 6786784.343033 -1876.206177 6 28
457571.547992 6786784.343033 -1854.521240 7 28
457621.547992 6786784.343033 -1862.655518 8 28
457671.547992 6786784.343033 -1858.777344 9 28
457721.547992 6786784.343033 -1860.173218 10 28
457771.547992 6786784.343033 -1857.554077 11 28
457821.547992 6786784.343033 -1853.964478 12 28
457871.547992 6786784.343033 -1849.454346 13 28
457921.547992 6786784.343033 -1847.932373 14 28
457971.547992 6786784.343033 -1857.712646 15 28
458021.547992 6786784.343033 -1861.919556 16 28
458071.547992 6786784.343033 -1874.504028 17 28
458121.547992 6786784.343033 -1856.841797 18 28
458171.547992 6786784.343033 -1855.264404 19 28
458221.547992 6786784.343033 -1858.722656 20 28
458271.547992 6786784.343033 -1850.047852 21 28
458321.547992 6786784.343033 -1838.438354 22 28
458371.547992 6786784.343033 -1844.273071 23 28
458421.547992 6786784.343033 -1838.308472 24 28
458471.547992 6786784.343033 -1845.983521 25 28
458521.547992 6786784.343033 -1820.085815 26 28
457521.547992 6786834.343033 -1877.429565 6 29
457571.547992 6786834.343033 -1878.005005 7 29
457621.547992 6786834.343033 -1879.854980 8 29
457671.547992 6786834.343033 -1886.970581 9 29
457721.547992 6786834.343033 -1879.938354 10 29
457771.547992 6786834.343033 -1864.891724 11 29
457821.547992 6786834.343033 -1904.895386 12 29
457871.547992 6786834.343033 -1897.952271 13 29
457921.547992 6786834.343033 -1886.953857 14 29
457971.547992 6786834.343033 -1880.156494 15 29
458021.547992 6786834.343033 -1878.238770 16 29
458071.547992 6786834.343033 -1875.787964 17 29
458121.547992 6786834.343033 -1868.355103 18 29
458171.547992 6786834.343033 -1861.811646 19 29
458221.547992 6786834.343033 -1856.959351 20 29
458271.547992 6786834.343033 -1847.403442 21 29
458321.547992 6786834.343033 -1852.060181 22 29
458371.547992 6786834.343033 -1859.737549 23 29
458421.547992 6786834.343033 -1857.794800 24 29
458471.547992 6786834.343033 -1854.495850 25 29
458521.547992 6786834.343033 -1837.991699 26 29
457471.547992 6786884.343033 -1882.066528 5 30
457521.547992 6786884.343033 -1880.685425 6 30
457571.547992 6786884.343033 -1883.609497 7 30
457621.547992 6786884.343033 -1895.785034 8 30
457671.547992 6786884.343033 -1904.661743 9 30
457721.547992 6786884.343033 -1895.346558 10 30
457771.547992 6786884.343033 -1863.798218 11 30
457821.547992 6786884.343033 -1857.281860 12 30
457871.547992 6786884.343033 -1872.163940 13 30
457921.547992 6786884.343033 -1868.477539 14 30
457971.547992 6786884.343033 -1852.006714 15 30
458021.547992 6786884.343033 -1850.308594 16 30
458071.547992 6786884.343033 -1857.173950 17 30
458121.547992 6786884.343033 -1858.163208 18 30
458171.547992 6786884.343033 -1854.796021 19 30
458221.547992 6786884.343033 -1851.127075 20 30
458271.547992 6786884.343033 -1848.812134 21 30
458321.547992 6786884.343033 -1846.765381 22 30
458371.547992 6786884.343033 -1855.106079 23 30
458421.547992 6786884.343033 -1853.752686 24 30
458471.547992 6786884.343033 -1842.655029 25 30
457471.547992 6786934.343033 -1882.771240 5 31
457521.547992 6786934.343033 -1882.222290 6 31
457571.547992 6786934.343033 -1890.584229 7 31
457621.547992 6786934.343033 -1899.387207 8 31
457671.547992 6786934.343033 -1902.540283 9 31
457721.547992 6786934.343033 -1892.310547 10 31
457771.547992 6786934.343033 -1867.590210 11 31
457821.547992 6786934.343033 -1856.933228 12 31
457871.547992 6786934.343033 -1863.967163 13 31
457921.547992 6786934.343033 -1861.765869 14 31
457971.547992 6786934.343033 -1853.889038 15 31
458021.547992 6786934.343033 -1850.504028 16 31
458071.547992 6786934.343033 -1849.412354 17 31
458121.547992 6786934.343033 -1849.709717 18 31
458171.547992 6786934.343033 -1847.912964 19 31
458221.547992 6786934.343033 -1850.536377 20 31
458271.547992 6786934.343033 -1852.468994 21 31
458321.547992 6786934.343033 -1853.322388 22 31
458371.547992 6786934.343033 -1855.570313 23 31
458421.547992 6786934.343033 -1852.805298 24 31
457471.547992 6786984.343033 -1888.970581 5 32
457521.547992 6786984.343033 -1890.285278 6 32
457571.547992 6786984.343033 -1899.034302 7 32
457621.547992 6786984.343033 -1901.914185 8 32
457671.547992 6786984.343033 -1900.861206 9 32
457721.547992 6786984.343033 -1894.996460 10 32
457771.547992 6786984.343033 -1881.508423 11 32
457821.547992 6786984.343033 -1873.544189 12 32
457871.547992 6786984.343033 -1871.583130 13 32
457921.547992 6786984.343033 -1864.332764 14 32
457971.547992 6786984.343033 -1859.409912 15 32
458021.547992 6786984.343033 -1854.557861 16 32
458071.547992 6786984.343033 -1851.715210 17 32
458121.547992 6786984.343033 -1847.394897 18 32
458171.547992 6786984.343033 -1842.764526 19 32
458221.547992 6786984.343033 -1852.589111 20 32
458271.547992 6786984.343033 -1855.176147 21 32
458321.547992 6786984.343033 -1856.914795 22 32
458371.547992 6786984.343033 -1856.444946 23 32
458421.547992 6786984.343033 -1853.337402 24 32
457471.547992 6787034.343033 -1893.567261 5 33
457521.547992 6787034.343033 -1896.564575 6 33
457571.547992 6787034.343033 -1905.932739 7 33
457621.547992 6787034.343033 -1908.271606 8 33
457671.547992 6787034.343033 -1905.391602 9 33
457721.547992 6787034.343033 -1899.837769 10 33
457771.547992 6787034.343033 -1886.422852 11 33
457821.547992 6787034.343033 -1877.106201 12 33
457871.547992 6787034.343033 -1874.026611 13 33
457921.547992 6787034.343033 -1864.863525 14 33
457971.547992 6787034.343033 -1859.915527 15 33
458021.547992 6787034.343033 -1856.992676 16 33
458071.547992 6787034.343033 -1854.882202 17 33
458121.547992 6787034.343033 -1847.225098 18 33
458171.547992 6787034.343033 -1841.164917 19 33
458221.547992 6787034.343033 -1853.464233 20 33
458271.547992 6787034.343033 -1852.299561 21 33
458321.547992 6787034.343033 -1851.119019 22 33
458371.547992 6787034.343033 -1853.071533 23 33
457471.547992 6787084.343033 -1897.810791 5 34
457521.547992 6787084.343033 -1902.409424 6 34
457571.547992 6787084.343033 -1912.119019 7 34
457621.547992 6787084.343033 -1917.912354 8 34
457671.547992 6787084.343033 -1913.365723 9 34
457721.547992 6787084.343033 -1905.904541 10 34
457771.547992 6787084.343033 -1875.320557 11 34
457821.547992 6787084.343033 -1869.455688 12 34
457871.547992 6787084.343033 -1865.361206 13 34
457921.547992 6787084.343033 -1857.696533 14 34
457971.547992 6787084.343033 -1861.552246 15 34
458021.547992 6787084.343033 -1857.850220 16 34
458071.547992 6787084.343033 -1854.490601 17 34
458121.547992 6787084.343033 -1851.821777 18 34
458171.547992 6787084.343033 -1850.458740 19 34
458221.547992 6787084.343033 -1855.120728 20 34
458271.547992 6787084.343033 -1854.880615 21 34
458321.547992 6787084.343033 -1852.921143 22 34
457471.547992 6787134.343033 -1904.456909 5 35
457521.547992 6787134.343033 -1909.190308 6 35
457571.547992 6787134.343033 -1915.715088 7 35
457621.547992 6787134.343033 -1920.959473 8 35
457671.547992 6787134.343033 -1914.363892 9 35
457721.547992 6787134.343033 -1902.268311 10 35
457771.547992 6787134.343033 -1886.170044 11 35
457821.547992 6787134.343033 -1864.352661 12 35
457871.547992 6787134.343033 -1858.435791 13 35
457921.547992 6787134.343033 -1856.382935 14 35
457971.547992 6787134.343033 -1861.457642 15 35
458021.547992 6787134.343033 -1860.630005 16 35
458071.547992 6787134.343033 -1855.961914 17 35
458121.547992 6787134.343033 -1853.840210 18 35
458171.547992 6787134.343033 -1854.022705 19 35
458221.547992 6787134.343033 -1856.620483 20 35
458271.547992 6787134.343033 -1856.596924 21 35
457471.547992 6787184.343033 -1911.267334 5 36
457521.547992 6787184.343033 -1915.200317 6 36
457571.547992 6787184.343033 -1917.774292 7 36
457621.547992 6787184.343033 -1918.525146 8 36
457671.547992 6787184.343033 -1903.536499 9 36
457721.547992 6787184.343033 -1893.019409 10 36
457771.547992 6787184.343033 -1875.603394 11 36
457821.547992 6787184.343033 -1857.182495 12 36
457871.547992 6787184.343033 -1854.943726 13 36
457921.547992 6787184.343033 -1854.415039 14 36
457971.547992 6787184.343033 -1862.138672 15 36
458021.547992 6787184.343033 -1859.994751 16 36
458071.547992 6787184.343033 -1853.497070 17 36
458121.547992 6787184.343033 -1853.393066 18 36
458171.547992 6787184.343033 -1854.016968 19 36
458221.547992 6787184.343033 -1855.772339 20 36
457471.547992 6787234.343033 -1928.338745 5 37
457521.547992 6787234.343033 -1919.014038 6 37
457571.547992 6787234.343033 -1917.717651 7 37
457621.547992 6787234.343033 -1918.550415 8 37
457671.547992 6787234.343033 -1910.271240 9 37
457721.547992 6787234.343033 -1902.310059 10 37
457771.547992 6787234.343033 -1880.016479 11 37
457821.547992 6787234.343033 -1867.664063 12 37
457871.547992 6787234.343033 -1860.593506 13 37
457921.547992 6787234.343033 -1850.912109 14 37
457971.547992 6787234.343033 -1860.315552 15 37
458021.547992 6787234.343033 -1861.382324 16 37
458071.547992 6787234.343033 -1860.284058 17 37
458121.547992 6787234.343033 -1855.524658 18 37
457471.547992 6787284.343033 -1934.616211 5 38
457521.547992 6787284.343033 -1928.002319 6 38
457571.547992 6787284.343033 -1919.427490 7 38
457621.547992 6787284.343033 -1912.525269 8 38
457671.547992 6787284.343033 -1904.351440 9 38
457721.547992 6787284.343033 -1901.536011 10 38
457771.547992 6787284.343033 -1879.124756 11 38
457821.547992 6787284.343033 -1873.576782 12 38
457871.547992 6787284.343033 -1864.249756 13 38
457921.547992 6787284.343033 -1850.431030 14 38
457971.547992 6787284.343033 -1859.988647 15 38
458021.547992 6787284.343033 -1860.611816 16 38
458071.547992 6787284.343033 -1861.471802 17 38
458121.547992 6787284.343033 -1856.764160 18 38
457421.547992 6787334.343033 -1918.161499 4 39
457471.547992 6787334.343033 -1927.678223 5 39
457521.547992 6787334.343033 -1927.476929 6 39
457571.547992 6787334.343033 -1920.878296 7 39
457621.547992 6787334.343033 -1914.083496 8 39
457671.547992 6787334.343033 -1897.043579 9 39
457721.547992 6787334.343033 -1880.140137 10 39
457771.547992 6787334.343033 -1880.499023 11 39
457821.547992 6787334.343033 -1876.511963 12 39
457871.547992 6787334.343033 -1860.228027 13 39
457921.547992 6787334.343033 -1851.994385 14 39
457971.547992 6787334.343033 -1869.612793 15 39
458021.547992 6787334.343033 -1864.052368 16 39
458071.547992 6787334.343033 -1860.497925 17 39
458121.547992 6787334.343033 -1857.491455 18 39
458171.547992 6787334.343033 -1855.258545 19 39
457421.547992 6787384.343033 -1929.358521 4 40
457471.547992 6787384.343033 -1929.622070 5 40
457521.547992 6787384.343033 -1928.534668 6 40
457571.547992 6787384.343033 -1921.676636 7 40
457621.547992 6787384.343033 -1910.355347 8 40
457671.547992 6787384.343033 -1895.151733 9 40
457721.547992 6787384.343033 -1872.744873 10 40
457771.547992 6787384.343033 -1884.165161 11 40
457821.547992 6787384.343033 -1881.314331 12 40
457871.547992 6787384.343033 -1869.375732 13 40
457921.547992 6787384.343033 -1863.654297 14 40
457971.547992 6787384.343033 -1869.188721 15 40
458021.547992 6787384.343033 -1865.721069 16 40
458071.547992 6787384.343033 -1865.746460 17 40
458121.547992 6787384.343033 -1864.046021 18 40
458171.547992 6787384.343033 -1860.933960 19 40
457421.547992 6787434.343033 -1945.342163 4 41
457471.547992 6787434.343033 -1938.646973 5 41
457521.547992 6787434.343033 -1930.227783 6 41
457571.547992 6787434.343033 -1917.089844 7 41
457621.547992 6787434.343033 -1902.924561 8 41
457671.547992 6787434.343033 -1892.962036 9 41
457721.547992 6787434.343033 -1884.446045 10 41
457771.547992 6787434.343033 -1889.137695 11 41
457821.547992 6787434.343033 -1883.482422 12 41
457871.547992 6787434.343033 -1877.175171 13 41
457921.547992 6787434.343033 -1873.496216 14 41
457971.547992 6787434.343033 -1873.628174 15 41
458021.547992 6787434.343033 -1875.661133 16 41
458071.547992 6787434.343033 -1879.219238 17 41
458121.547992 6787434.343033 -1873.596802 18 41
458171.547992 6787434.343033 -1866.650879 19 41
458221.547992 6787434.343033 -1859.922363 20 41
457421.547992 6787484.343033 -1971.808960 4 42
457471.547992 6787484.343033 -1942.904419 5 42
457521.547992 6787484.343033 -1938.767334 6 42
457571.547992 6787484.343033 -1919.525391 7 42
457621.547992 6787484.343033 -1898.805054 8 42
457671.547992 6787484.343033 -1893.970215 9 42
457721.547992 6787484.343033 -1892.473022 10 42
457771.547992 6787484.343033 -1891.385376 11 42
457821.547992 6787484.343033 -1886.405151 12 42
457871.547992 6787484.343033 -1882.852417 13 42
457921.547992 6787484.343033 -1879.395996 14 42
457971.547992 6787484.343033 -1872.024414 15 42
458021.547992 6787484.343033 -1866.443115 16 42
458071.547992 6787484.343033 -1890.416016 17 42
458121.547992 6787484.343033 -1878.418823 18 42
458171.547992 6787484.343033 -1869.501953 19 42
458221.547992 6787484.343033 -1861.696533 20 42
457371.547992 6787534.343033 -1979.109497 3 43
457421.547992 6787534.343033 -1977.818848 4 43
457471.547992 6787534.343033 -1946.268555 5 43
457521.547992 6787534.343033 -1940.428345 6 43
457571.547992 6787534.343033 -1920.984985 7 43
457621.547992 6787534.343033 -1905.844604 8 43
457671.547992 6787534.343033 -1900.177490 9 43
457721.547992 6787534.343033 -1894.706299 10 43
457771.547992 6787534.343033 -1896.122925 11 43
457821.547992 6787534.343033 -1892.101685 12 43
457871.547992 6787534.343033 -1885.899048 13 43
457921.547992 6787534.343033 -1882.843262 14 43
457971.547992 6787534.343033 -1873.178711 15 43
458021.547992 6787534.343033 -1870.948364 16 43
458071.547992 6787534.343033 -1883.890137 17 43
458121.547992 6787534.343033 -1868.596680 18 43
458171.547992 6787534.343033 -1867.796143 19 43
458221.547992 6787534.343033 -1862.347046 20 43
458271.547992 6787534.343033 -1857.611450 21 43
458321.547992 6787534.343033 -1854.374512 22 43
457371.547992 6787584.343033 -1983.649048 3 44
457421.547992 6787584.343033 -1965.133301 4 44
457471.547992 6787584.343033 -1953.946655 5 44
457521.547992 6787584.343033 -1943.677368 6 44
457571.547992 6787584.343033 -1942.903320 7 44
457621.547992 6787584.343033 -1926.507446 8 44
457671.547992 6787584.343033 -1918.238159 9 44
457721.547992 6787584.343033 -1898.773071 10 44
457771.547992 6787584.343033 -1891.230835 11 44
457821.547992 6787584.343033 -1888.849976 12 44
457871.547992 6787584.343033 -1883.791992 13 44
457921.547992 6787584.343033 -1881.691650 14 44
457971.547992 6787584.343033 -1875.795288 15 44
458021.547992 6787584.343033 -1876.858032 16 44
458071.547992 6787584.343033 -1883.055298 17 44
458121.547992 6787584.343033 -1861.184326 18 44
458171.547992 6787584.343033 -1862.772949 19 44
458221.547992 6787584.343033 -1861.202637 20 44
458271.547992 6787584.343033 -1858.032471 21 44
458321.547992 6787584.343033 -1857.615112 22 44
458371.547992 6787584.343033 -1848.856079 23 44
458421.547992 6787584.343033 -1835.008911 24 44
458471.547992 6787584.343033 -1823.987793 25 44
457371.547992 6787634.343033 -1985.800903 3 45
457421.547992 6787634.343033 -1968.791260 4 45
457471.547992 6787634.343033 -1961.078003 5 45
457521.547992 6787634.343033 -1947.801392 6 45
457571.547992 6787634.343033 -1950.778320 7 45
457621.547992 6787634.343033 -1936.019165 8 45
457671.547992 6787634.343033 -1923.746094 9 45
457721.547992 6787634.343033 -1902.783447 10 45
457771.547992 6787634.343033 -1891.846069 11 45
457821.547992 6787634.343033 -1887.520630 12 45
457871.547992 6787634.343033 -1884.224243 13 45
457921.547992 6787634.343033 -1884.360718 14 45
457971.547992 6787634.343033 -1885.770264 15 45
458021.547992 6787634.343033 -1891.141846 16 45
458071.547992 6787634.343033 -1889.971069 17 45
458121.547992 6787634.343033 -1874.898193 18 45
458171.547992 6787634.343033 -1869.617920 19 45
458221.547992 6787634.343033 -1865.498047 20 45
458271.547992 6787634.343033 -1861.112427 21 45
458321.547992 6787634.343033 -1856.524536 22 45
458371.547992 6787634.343033 -1849.797241 23 45
458421.547992 6787634.343033 -1836.829224 24 45
458471.547992 6787634.343033 -1817.838013 25 45
458521.547992 6787634.343033 -1786.712891 26 45
458571.547992 6787634.343033 -1776.589844 27 45
458621.547992 6787634.343033 -1774.527954 28 45
457371.547992 6787684.343033 -1986.120728 3 46
457421.547992 6787684.343033 -1972.309814 4 46
457471.547992 6787684.343033 -1964.996338 5 46
457521.547992 6787684.343033 -1961.342529 6 46
457571.547992 6787684.343033 -1952.513916 7 46
457621.547992 6787684.343033 -1938.264038 8 46
457671.547992 6787684.343033 -1923.562988 9 46
457721.547992 6787684.343033 -1899.539673 10 46
457771.547992 6787684.343033 -1890.956177 11 46
457821.547992 6787684.343033 -1885.610107 12 46
457871.547992 6787684.343033 -1883.999268 13 46
457921.547992 6787684.343033 -1886.197876 14 46
457971.547992 6787684.343033 -1891.224731 15 46
458021.547992 6787684.343033 -1897.987671 16 46
458071.547992 6787684.343033 -1894.589600 17 46
458121.547992 6787684.343033 -1885.388916 18 46
458171.547992 6787684.343033 -1878.889526 19 46
458221.547992 6787684.343033 -1870.864868 20 46
458271.547992 6787684.343033 -1860.677246 21 46
458321.547992 6787684.343033 -1856.487915 22 46
458371.547992 6787684.343033 -1851.543823 23 46
458421.547992 6787684.343033 -1841.177979 24 46
458471.547992 6787684.343033 -1822.664795 25 46
458521.547992 6787684.343033 -1786.952637 26 46
458571.547992 6787684.343033 -1776.751343 27 46
458621.547992 6787684.343033 -1776.618042 28 46
457321.547992 6787734.343033 -1999.815918 2 47
457371.547992 6787734.343033 -1984.628540 3 47
457421.547992 6787734.343033 -1969.510864 4 47
457471.547992 6787734.343033 -1956.563232 5 47
457521.547992 6787734.343033 -1946.713745 6 47
457571.547992 6787734.343033 -1944.046265 7 47
457621.547992 6787734.343033 -1932.250244 8 47
457671.547992 6787734.343033 -1921.407593 9 47
457721.547992 6787734.343033 -1888.907837 10 47
457771.547992 6787734.343033 -1889.988281 11 47
457821.547992 6787734.343033 -1888.873535 12 47
457871.547992 6787734.343033 -1884.434570 13 47
457921.547992 6787734.343033 -1885.897583 14 47
457971.547992 6787734.343033 -1890.950928 15 47
458021.547992 6787734.343033 -1899.604248 16 47
458071.547992 6787734.343033 -1886.802979 17 47
458121.547992 6787734.343033 -1888.393921 18 47
458171.547992 6787734.343033 -1886.244019 19 47
458221.547992 6787734.343033 -1878.442261 20 47
458271.547992 6787734.343033 -1866.690796 21 47
458321.547992 6787734.343033 -1857.514038 22 47
458371.547992 6787734.343033 -1853.834961 23 47
458421.547992 6787734.343033 -1845.983398 24 47
458471.547992 6787734.343033 -1836.329956 25 47
458521.547992 6787734.343033 -1793.209473 26 47
458571.547992 6787734.343033 -1778.065308 27 47
458621.547992 6787734.343033 -1783.039551 28 47
457321.547992 6787784.343033 -1999.116577 2 48
457371.547992 6787784.343033 -1982.832397 3 48
457421.547992 6787784.343033 -1966.774048 4 48
457471.547992 6787784.343033 -1951.875854 5 48
457521.547992 6787784.343033 -1939.715088 6 48
457571.547992 6787784.343033 -1936.083008 7 48
457621.547992 6787784.343033 -1922.321167 8 48
457671.547992 6787784.343033 -1910.178345 9 48
457721.547992 6787784.343033 -1882.958252 10 48
457771.547992 6787784.343033 -1890.672485 11 48
457821.547992 6787784.343033 -1890.826416 12 48
457871.547992 6787784.343033 -1884.429565 13 48
457921.547992 6787784.343033 -1883.588013 14 48
457971.547992 6787784.343033 -1887.167480 15 48
458021.547992 6787784.343033 -1898.627930 16 48
458071.547992 6787784.343033 -1886.779297 17 48
458121.547992 6787784.343033 -1890.888306 18 48
458171.547992 6787784.343033 -1887.471924 19 48
458221.547992 6787784.343033 -1879.366699 20 48
458271.547992 6787784.343033 -1873.296631 21 48
458321.547992 6787784.343033 -1863.510254 22 48
458371.547992 6787784.343033 -1853.645874 23 48
458421.547992 6787784.343033 -1837.854248 24 48
458471.547992 6787784.343033 -1827.895020 25 48
458521.547992 6787784.343033 -1791.279785 26 48
458571.547992 6787784.343033 -1783.624390 27 48
458621.547992 6787784.343033 -1784.936157 28 48
457321.547992 6787834.343033 -1997.854980 2 49
457371.547992 6787834.343033 -1981.492432 3 49
457421.547992 6787834.343033 -1965.738647 4 49
457471.547992 6787834.343033 -1951.369141 5 49
457521.547992 6787834.343033 -1939.205078 6 49
457571.547992 6787834.343033 -1928.713135 7 49
457621.547992 6787834.343033 -1909.720825 8 49
457671.547992 6787834.343033 -1893.564331 9 49
457721.547992 6787834.343033 -1886.273926 10 49
457771.547992 6787834.343033 -1889.078369 11 49
457821.547992 6787834.343033 -1889.900146 12 49
457871.547992 6787834.343033 -1882.770996 13 49
457921.547992 6787834.343033 -1880.088379 14 49
457971.547992 6787834.343033 -1890.092163 15 49
458021.547992 6787834.343033 -1889.081421 16 49
458071.547992 6787834.343033 -1903.169922 17 49
458121.547992 6787834.343033 -1896.420288 18 49
458171.547992 6787834.343033 -1879.671875 19 49
458221.547992 6787834.343033 -1874.802002 20 49
458271.547992 6787834.343033 -1875.018311 21 49
458321.547992 6787834.343033 -1870.584717 22 49
458371.547992 6787834.343033 -1855.006348 23 49
458421.547992 6787834.343033 -1818.114014 24 49
458471.547992 6787834.343033 -1808.224976 25 49
458521.547992 6787834.343033 -1792.189941 26 49
458571.547992 6787834.343033 -1791.210571 27 49
458621.547992 6787834.343033 -1785.194580 28 49
457371.547992 6787884.343033 -1980.374023 3 50
457421.547992 6787884.343033 -1965.954102 4 50
457471.547992 6787884.343033 -1953.632446 5 50
457521.547992 6787884.343033 -1944.213135 6 50
457571.547992 6787884.343033 -1935.788940 7 50
457621.547992 6787884.343033 -1921.299805 8 50
457671.547992 6787884.343033 -1902.786865 9 50
457721.547992 6787884.343033 -1895.940796 10 50
457771.547992 6787884.343033 -1892.470825 11 50
457821.547992 6787884.343033 -1891.311646 12 50
457871.547992 6787884.343033 -1881.788940 13 50
457921.547992 6787884.343033 -1879.020264 14 50
457971.547992 6787884.343033 -1894.065186 15 50
458021.547992 6787884.343033 -1918.483032 16 50
458071.547992 6787884.343033 -1910.740234 17 50
458121.547992 6787884.343033 -1884.759399 18 50
458171.547992 6787884.343033 -1864.803467 19 50
458221.547992 6787884.343033 -1862.293335 20 50
458271.547992 6787884.343033 -1868.066406 21 50
458321.547992 6787884.343033 -1870.380249 22 50
458371.547992 6787884.343033 -1848.333618 23 50
458421.547992 6787884.343033 -1817.616821 24 50
458471.547992 6787884.343033 -1803.334473 25 50
458521.547992 6787884.343033 -1795.294556 26 50
458571.547992 6787884.343033 -1791.991455 27 50
458621.547992 6787884.343033 -1787.846924 28 50
457421.547992 6787934.343033 -1966.034180 4 51
457471.547992 6787934.343033 -1956.057007 5 51
457521.547992 6787934.343033 -1950.790161 6 51
457571.547992 6787934.343033 -1948.591553 7 51
457621.547992 6787934.343033 -1937.928833 8 51
457671.547992 6787934.343033 -1923.642334 9 51
457721.547992 6787934.343033 -1911.127563 10 51
457771.547992 6787934.343033 -1896.658569 11 51
457821.547992 6787934.343033 -1889.571289 12 51
457871.547992 6787934.343033 -1875.059570 13 51
457921.547992 6787934.343033 -1864.129150 14 51
457971.547992 6787934.343033 -1873.802002 15 51
458021.547992 6787934.343033 -1906.696289 16 51
458071.547992 6787934.343033 -1913.701782 17 51
458121.547992 6787934.343033 -1858.901245 18 51
458171.547992 6787934.343033 -1836.809570 19 51
458221.547992 6787934.343033 -1840.745483 20 51
458271.547992 6787934.343033 -1861.114868 21 51
458321.547992 6787934.343033 -1866.177612 22 51
458371.547992 6787934.343033 -1834.051514 23 51
458421.547992 6787934.343033 -1810.061523 24 51
458471.547992 6787934.343033 -1799.075073 25 51
458521.547992 6787934.343033 -1794.347900 26 51
458571.547992 6787934.343033 -1792.203491 27 51
457421.547992 6787984.343033 -1965.087036 4 52
457471.547992 6787984.343033 -1956.092896 5 52
457521.547992 6787984.343033 -1953.565308 6 52
457571.547992 6787984.343033 -1959.066528 7 52
457621.547992 6787984.343033 -1948.562378 8 52
457671.547992 6787984.343033 -1936.850220 9 52
457721.547992 6787984.343033 -1921.755737 10 52
457771.547992 6787984.343033 -1893.693115 11 52
457821.547992 6787984.343033 -1888.126587 12 52
457871.547992 6787984.343033 -1871.918091 13 52
457921.547992 6787984.343033 -1850.275024 14 52
457971.547992 6787984.343033 -1847.889648 15 52
458021.547992 6787984.343033 -1894.276123 16 52
458071.547992 6787984.343033 -1886.760864 17 52
458121.547992 6787984.343033 -1814.662354 18 52
458171.547992 6787984.343033 -1804.194092 19 52
458221.547992 6787984.343033 -1801.693481 20 52
458271.547992 6787984.343033 -1796.671265 21 52
458321.547992 6787984.343033 -1797.105957 22 52
458371.547992 6787984.343033 -1793.900757 23 52
458421.547992 6787984.343033 -1794.628784 24 52
458471.547992 6787984.343033 -1796.188721 25 52
458521.547992 6787984.343033 -1797.485962 26 52
458571.547992 6787984.343033 -1794.506348 27 52
458621.547992 6787984.343033 -1788.736328 28 52
457471.547992 6788034.343033 -1955.020264 5 53
457521.547992 6788034.343033 -1951.131470 6 53
457571.547992 6788034.343033 -1952.410400 7 53
457621.547992 6788034.343033 -1937.629150 8 53
457671.547992 6788034.343033 -1923.046509 9 53
457721.547992 6788034.343033 -1915.378418 10 53
457771.547992 6788034.343033 -1892.617188 11 53
457821.547992 6788034.343033 -1884.151978 12 53
457871.547992 6788034.343033 -1885.679932 13 53
457921.547992 6788034.343033 -1875.659424 14 53
457971.547992 6788034.343033 -1867.931274 15 53
458021.547992 6788034.343033 -1928.316650 16 53
458071.547992 6788034.343033 -1927.179077 17 53
458121.547992 6788034.343033 -1843.760498 18 53
458171.547992 6788034.343033 -1832.966553 19 53
458221.547992 6788034.343033 -1813.070435 20 53
458271.547992 6788034.343033 -1796.747314 21 53
458321.547992 6788034.343033 -1791.334106 22 53
458371.547992 6788034.343033 -1791.693481 23 53
458421.547992 6788034.343033 -1798.747314 24 53
458471.547992 6788034.343033 -1808.184448 25 53
458521.547992 6788034.343033 -1803.645264 26 53
458571.547992 6788034.343033 -1799.545776 27 53
458621.547992 6788034.343033 -1791.682495 28 53
457471.547992 6788084.343033 -1953.349121 5 54
457521.547992 6788084.343033 -1943.589966 6 54
457571.547992 6788084.343033 -1929.036377 7 54
457621.547992 6788084.343033 -1901.483887 8 54
457671.547992 6788084.343033 -1904.139893 9 54
457721.547992 6788084.343033 -1900.384644 10 54
457771.547992 6788084.343033 -1895.711182 11 54
457821.547992 6788084.343033 -1890.475586 12 54
457871.547992 6788084.343033 -1904.209473 13 54
457921.547992 6788084.343033 -1907.492432 14 54
457971.547992 6788084.343033 -1897.207520 15 54
458021.547992 6788084.343033 -1902.171265 16 54
458071.547992 6788084.343033 -1910.768799 17 54
458121.547992 6788084.343033 -1889.820557 18 54
458171.547992 6788084.343033 -1882.678589 19 54
458221.547992 6788084.343033 -1855.024780 20 54
458271.547992 6788084.343033 -1823.500610 21 54
458321.547992 6788084.343033 -1806.812866 22 54
458371.547992 6788084.343033 -1802.451904 23 54
458421.547992 6788084.343033 -1809.111084 24 54
458471.547992 6788084.343033 -1820.613159 25 54
458521.547992 6788084.343033 -1815.452515 26 54
458571.547992 6788084.343033 -1805.228149 27 54
458621.547992 6788084.343033 -1794.321533 28 54
457471.547992 6788134.343033 -1953.554077 5 55
457521.547992 6788134.343033 -1943.386841 6 55
457571.547992 6788134.343033 -1928.421997 7 55
457621.547992 6788134.343033 -1909.908813 8 55
457671.547992 6788134.343033 -1907.476074 9 55
457721.547992 6788134.343033 -1903.290161 10 55
457771.547992 6788134.343033 -1897.030884 11 55
457821.547992 6788134.343033 -1896.018921 12 55
457871.547992 6788134.343033 -1907.076660 13 55
457921.547992 6788134.343033 -1911.352051 14 55
457971.547992 6788134.343033 -1911.520874 15 55
458021.547992 6788134.343033 -1925.942139 16 55
458071.547992 6788134.343033 -1929.432617 17 55
458121.547992 6788134.343033 -1904.104370 18 55
458171.547992 6788134.343033 -1885.908203 19 55
458221.547992 6788134.343033 -1861.856445 20 55
458271.547992 6788134.343033 -1837.155029 21 55
458321.547992 6788134.343033 -1819.771606 22 55
458371.547992 6788134.343033 -1809.816772 23 55
458421.547992 6788134.343033 -1809.861572 24 55
458471.547992 6788134.343033 -1813.875610 25 55
458521.547992 6788134.343033 -1810.278931 26 55
458571.547992 6788134.343033 -1807.291260 27 55
458621.547992 6788134.343033 -1798.843628 28 55
457471.547992 6788184.343033 -1955.411621 5 56
457521.547992 6788184.343033 -1949.303955 6 56
457571.547992 6788184.343033 -1937.970093 7 56
457621.547992 6788184.343033 -1923.933105 8 56
457671.547992 6788184.343033 -1923.963257 9 56
457721.547992 6788184.343033 -1916.540894 10 56
457771.547992 6788184.343033 -1900.704468 11 56
457821.547992 6788184.343033 -1905.630981 12 56
457871.547992 6788184.343033 -1907.853394 13 56
457921.547992 6788184.343033 -1901.045044 14 56
457971.547992 6788184.343033 -1890.997314 15 56
458021.547992 6788184.343033 -1882.379639 16 56
458071.547992 6788184.343033 -1877.386597 17 56
458121.547992 6788184.343033 -1875.971924 18 56
458171.547992 6788184.343033 -1866.765381 19 56
458221.547992 6788184.343033 -1853.455811 20 56
458271.547992 6788184.343033 -1840.351074 21 56
458321.547992 6788184.343033 -1828.156128 22 56
458371.547992 6788184.343033 -1812.338501 23 56
458421.547992 6788184.343033 -1807.235107 24 56
458471.547992 6788184.343033 -1808.398315 25 56
458521.547992 6788184.343033 -1813.273438 26 56
458571.547992 6788184.343033 -1812.482422 27 56
458621.547992 6788184.343033 -1802.008057 28 56
457471.547992 6788234.343033 -1955.660767 5 57
457521.547992 6788234.343033 -1956.833984 6 57
457571.547992 6788234.343033 -1948.833618 7 57
457621.547992 6788234.343033 -1932.166992 8 57
457671.547992 6788234.343033 -1942.055054 9 57
457721.547992 6788234.343033 -1935.125610 10 57
457771.547992 6788234.343033 -1905.471191 11 57
457821.547992 6788234.343033 -1916.641968 12 57
457871.547992 6788234.343033 -1909.362305 13 57
457921.547992 6788234.343033 -1891.525146 14 57
457971.547992 6788234.343033 -1877.695313 15 57
458021.547992 6788234.343033 -1869.763062 16 57
458071.547992 6788234.343033 -1860.878174 17 57
458121.547992 6788234.343033 -1858.766357 18 57
458171.547992 6788234.343033 -1851.023071 19 57
458221.547992 6788234.343033 -1845.311279 20 57
458271.547992 6788234.343033 -1841.892578 21 57
458321.547992 6788234.343033 -1836.400635 22 57
458371.547992 6788234.343033 -1813.257080 23 57
458421.547992 6788234.343033 -1805.325317 24 57
458471.547992 6788234.343033 -1800.603149 25 57
458521.547992 6788234.343033 -1800.190796 26 57
458571.547992 6788234.343033 -1805.851074 27 57
458621.547992 6788234.343033 -1799.694214 28 57
457471.547992 6788284.343033 -1955.338745 5 58
457521.547992 6788284.343033 -1957.540894 6 58
457571.547992 6788284.343033 -1950.972778 7 58
457621.547992 6788284.343033 -1934.539063 8 58
457671.547992 6788284.343033 -1942.896851 9 58
457721.547992 6788284.343033 -1939.041382 10 58
457771.547992 6788284.343033 -1909.074463 11 58
457821.547992 6788284.343033 -1919.690308 12 58
457871.547992 6788284.343033 -1902.400513 13 58
457921.547992 6788284.343033 -1883.770142 14 58
457971.547992 6788284.343033 -1881.886963 15 58
458021.547992 6788284.343033 -1873.039551 16 58
458071.547992 6788284.343033 -1865.046875 17 58
458121.547992 6788284.343033 -1859.701416 18 58
458171.547992 6788284.343033 -1853.655273 19 58
458221.547992 6788284.343033 -1851.696045 20 58
458271.547992 6788284.343033 -1844.995605 21 58
458321.547992 6788284.343033 -1835.078247 22 58
458371.547992 6788284.343033 -1825.691895 23 58
458421.547992 6788284.343033 -1816.716064 24 58
458471.547992 6788284.343033 -1814.340332 25 58
458521.547992 6788284.343033 -1802.998169 26 58
458571.547992 6788284.343033 -1802.007446 27 58
458621.547992 6788284.343033 -1810.422607 28 58
457421.547992 6788334.343033 -1964.268799 4 59
457471.547992 6788334.343033 -1958.316772 5 59
457521.547992 6788334.343033 -1954.274780 6 59
457571.547992 6788334.343033 -1947.281616 7 59
457621.547992 6788334.343033 -1938.593262 8 59
457671.547992 6788334.343033 -1938.841919 9 59
457721.547992 6788334.343033 -1932.906006 10 59
457771.547992 6788334.343033 -1916.501099 11 59
457821.547992 6788334.343033 -1911.651245 12 59
457871.547992 6788334.343033 -1885.255127 13 59
457921.547992 6788334.343033 -1881.050171 14 59
457971.547992 6788334.343033 -1883.130981 15 59
458021.547992 6788334.343033 -1873.917725 16 59
458071.547992 6788334.343033 -1868.506836 17 59
458121.547992 6788334.343033 -1864.261108 18 59
458171.547992 6788334.343033 -1858.097778 19 59
458221.547992 6788334.343033 -1856.216187 20 59
458271.547992 6788334.343033 -1848.886475 21 59
458321.547992 6788334.343033 -1840.817139 22 59
458371.547992 6788334.343033 -1835.046387 23 59
458421.547992 6788334.343033 -1819.160522 24 59
458471.547992 6788334.343033 -1823.664551 25 59
458521.547992 6788334.343033 -1805.580444 26 59
458571.547992 6788334.343033 -1806.570801 27 59
458621.547992 6788334.343033 -1816.374390 28 59
457421.547992 6788384.343033 -1964.231689 4 60
457471.547992 6788384.343033 -1959.755493 5 60
457521.547992 6788384.343033 -1950.162354 6 60
457571.547992 6788384.343033 -1941.974243 7 60
457621.547992 6788384.343033 -1937.438477 8 60
457671.547992 6788384.343033 -1934.929199 9 60
457721.547992 6788384.343033 -1927.976807 10 60
457771.547992 6788384.343033 -1915.721680 11 60
457821.547992 6788384.343033 -1911.179321 12 60
457871.547992 6788384.343033 -1892.089233 13 60
457921.547992 6788384.343033 -1882.859009 14 60
457971.547992 6788384.343033 -1880.317139 15 60
458021.547992 6788384.343033 -1875.567383 16 60
458071.547992 6788384.343033 -1871.234131 17 60
458121.547992 6788384.343033 -1868.131348 18 60
458171.547992 6788384.343033 -1862.258545 19 60
458221.547992 6788384.343033 -1856.805542 20 60
458271.547992 6788384.343033 -1850.613892 21 60
458321.547992 6788384.343033 -1843.626587 22 60
458371.547992 6788384.343033 -1835.304077 23 60
458421.547992 6788384.343033 -1823.165039 24 60
458471.547992 6788384.343033 -1816.975586 25 60
458521.547992 6788384.343033 -1806.404297 26 60
458571.547992 6788384.343033 -1806.048462 27 60
458621.547992 6788384.343033 -1814.897705 28 60
457371.547992 6788434.343033 -1962.388794 3 61
457421.547992 6788434.343033 -1964.433472 4 61
457471.547992 6788434.343033 -1961.647339 5 61
457521.547992 6788434.343033 -1943.694458 6 61
457571.547992 6788434.343033 -1934.305908 7 61
457621.547992 6788434.343033 -1934.553833 8 61
457671.547992 6788434.343033 -1932.575928 9 61
457721.547992 6788434.343033 -1927.946777 10 61
457771.547992 6788434.343033 -1920.074463 11 61
457821.547992 6788434.343033 -1916.357300 12 61
457871.547992 6788434.343033 -1899.473389 13 61
457921.547992 6788434.343033 -1885.020020 14 61
457971.547992 6788434.343033 -1879.010132 15 61
458021.547992 6788434.343033 -1875.817505 16 61
458071.547992 6788434.343033 -1874.990967 17 61
458121.547992 6788434.343033 -1873.839478 18 61
458171.547992 6788434.343033 -1866.219727 19 61
458221.547992 6788434.343033 -1856.674805 20 61
458271.547992 6788434.343033 -1851.799561 21 61
458321.547992 6788434.343033 -1845.066040 22 61
458371.547992 6788434.343033 -1834.861816 23 61
458421.547992 6788434.343033 -1823.783203 24 61
458471.547992 6788434.343033 -1810.376831 25 61
458521.547992 6788434.343033 -1803.970337 26 61
458571.547992 6788434.343033 -1804.440674 27 61
458621.547992 6788434.343033 -1816.797974 28 61
457371.547992 6788484.343033 -1956.528809 3 62
457421.547992 6788484.343033 -1961.568359 4 62
457471.547992 6788484.343033 -1964.879272 5 62
457521.547992 6788484.343033 -1933.882813 6 62
457571.547992 6788484.343033 -1924.182739 7 62
457621.547992 6788484.343033 -1931.704102 8 62
457671.547992 6788484.343033 -1929.380615 9 62
457721.547992 6788484.343033 -1928.003540 10 62
457771.547992 6788484.343033 -1922.995483 11 62
457821.547992 6788484.343033 -1915.605957 12 62
457871.547992 6788484.343033 -1903.192505 13 62
457921.547992 6788484.343033 -1886.045044 14 62
457971.547992 6788484.343033 -1880.720581 15 62
458021.547992 6788484.343033 -1880.340454 16 62
458071.547992 6788484.343033 -1881.945557 17 62
458121.547992 6788484.343033 -1882.554199 18 62
458171.547992 6788484.343033 -1871.660522 19 62
458221.547992 6788484.343033 -1856.392822 20 62
458271.547992 6788484.343033 -1852.803833 21 62
458321.547992 6788484.343033 -1847.221802 22 62
458371.547992 6788484.343033 -1835.490723 23 62
458421.547992 6788484.343033 -1827.182983 24 62
458471.547992 6788484.343033 -1806.765381 25 62
458521.547992 6788484.343033 -1804.942871 26 62
458571.547992 6788484.343033 -1808.048584 27 62
458621.547992 6788484.343033 -1823.736206 28 62
457371.547992 6788534.343033 -1955.734375 3 63
457421.547992 6788534.343033 -1949.756958 4 63
457471.547992 6788534.343033 -1952.754517 5 63
457521.547992 6788534.343033 -1931.479126 6 63
457571.547992 6788534.343033 -1922.138428 7 63
457621.547992 6788534.343033 -1924.975098 8 63
457671.547992 6788534.343033 -1919.087646 9 63
457721.547992 6788534.343033 -1920.668457 10 63
457771.547992 6788534.343033 -1921.356079 11 63
457821.547992 6788534.343033 -1915.355469 12 63
457871.547992 6788534.343033 -1907.322876 13 63
457921.547992 6788534.343033 -1894.213013 14 63
457971.547992 6788534.343033 -1887.533691 15 63
458021.547992 6788534.343033 -1887.460693 16 63
458071.547992 6788534.343033 -1887.947754 17 63
458121.547992 6788534.343033 -1887.281982 18 63
458171.547992 6788534.343033 -1878.567383 19 63
458221.547992 6788534.343033 -1866.625122 20 63
458271.547992 6788534.343033 -1857.988037 21 63
458321.547992 6788534.343033 -1852.069214 22 63
458371.547992 6788534.343033 -1840.335083 23 63
458421.547992 6788534.343033 -1830.709717 24 63
458471.547992 6788534.343033 -1820.184814 25 63
458521.547992 6788534.343033 -1815.032227 26 63
458571.547992 6788534.343033 -1814.650269 27 63
458621.547992 6788534.343033 -1813.232178 28 63
457321.547992 6788584.343033 -1963.424316 2 64
457371.547992 6788584.343033 -1957.581665 3 64
457421.547992 6788584.343033 -1944.451660 4 64
457471.547992 6788584.343033 -1927.683716 5 64
457521.547992 6788584.343033 -1928.672241 6 64
457571.547992 6788584.343033 -1922.049438 7 64
457621.547992 6788584.343033 -1916.957153 8 64
457671.547992 6788584.343033 -1912.215332 9 64
457721.547992 6788584.343033 -1922.233032 10 64
457771.547992 6788584.343033 -1917.935181 11 64
457821.547992 6788584.343033 -1915.354980 12 64
457871.547992 6788584.343033 -1906.039185 13 64
457921.547992 6788584.343033 -1902.342529 14 64
457971.547992 6788584.343033 -1892.099365 15 64
458021.547992 6788584.343033 -1894.367432 16 64
458071.547992 6788584.343033 -1893.591675 17 64
458121.547992 6788584.343033 -1883.991699 18 64
458171.547992 6788584.343033 -1886.454468 19 64
458221.547992 6788584.343033 -1878.543823 20 64
458271.547992 6788584.343033 -1860.294922 21 64
458321.547992 6788584.343033 -1854.688477 22 64
458371.547992 6788584.343033 -1845.510254 23 64
458421.547992 6788584.343033 -1830.724609 24 64
458471.547992 6788584.343033 -1825.883545 25 64
458521.547992 6788584.343033 -1830.201416 26 64
458571.547992 6788584.343033 -1820.165039 27 64
458621.547992 6788584.343033 -1811.073120 28 64
457321.547992 6788634.343033 -1968.631104 2 65
457371.547992 6788634.343033 -1958.521729 3 65
457421.547992 6788634.343033 -1946.686279 4 65
457471.547992 6788634.343033 -1931.060059 5 65
457521.547992 6788634.343033 -1934.671143 6 65
457571.547992 6788634.343033 -1926.636719 7 65
457621.547992 6788634.343033 -1920.425293 8 65
457671.547992 6788634.343033 -1917.543945 9 65
457721.547992 6788634.343033 -1920.812134 10 65
457771.547992 6788634.343033 -1919.399780 11 65
457821.547992 6788634.343033 -1920.399536 12 65
457871.547992 6788634.343033 -1913.924316 13 65
457921.547992 6788634.343033 -1910.526733 14 65
457971.547992 6788634.343033 -1903.917725 15 65
458021.547992 6788634.343033 -1903.274048 16 65
458071.547992 6788634.343033 -1902.661011 17 65
458121.547992 6788634.343033 -1893.520996 18 65
458171.547992 6788634.343033 -1888.212402 19 65
458221.547992 6788634.343033 -1877.600464 20 65
458271.547992 6788634.343033 -1862.941772 21 65
458321.547992 6788634.343033 -1857.334717 22 65
458371.547992 6788634.343033 -1848.576538 23 65
458421.547992 6788634.343033 -1835.408813 24 65
458471.547992 6788634.343033 -1824.310181 25 65
458521.547992 6788634.343033 -1816.407593 26 65
458571.547992 6788634.343033 -1808.132568 27 65
458621.547992 6788634.343033 -1810.680420 28 65
457321.547992 6788684.343033 -1971.026245 2 66
457371.547992 6788684.343033 -1959.842896 3 66
457421.547992 6788684.343033 -1948.178955 4 66
457471.547992 6788684.343033 -1936.509399 5 66
457521.547992 6788684.343033 -1930.639771 6 66
457571.547992 6788684.343033 -1926.422241 7 66
457621.547992 6788684.343033 -1925.015015 8 66
457671.547992 6788684.343033 -1923.885986 9 66
457721.547992 6788684.343033 -1922.560181 10 66
457771.547992 6788684.343033 -1921.780396 11 66
457821.547992 6788684.343033 -1920.408325 12 66
457871.547992 6788684.343033 -1917.275635 13 66
457921.547992 6788684.343033 -1917.191040 14 66
457971.547992 6788684.343033 -1909.080933 15 66
458021.547992 6788684.343033 -1897.320190 16 66
458071.547992 6788684.343033 -1899.449219 17 66
458121.547992 6788684.343033 -1897.275635 18 66
458171.547992 6788684.343033 -1888.996338 19 66
458221.547992 6788684.343033 -1876.502441 20 66
458271.547992 6788684.343033 -1865.880737 21 66
458321.547992 6788684.343033 -1861.656738 22 66
458371.547992 6788684.343033 -1854.047363 23 66
458421.547992 6788684.343033 -1842.502441 24 66
458471.547992 6788684.343033 -1827.815918 25 66
458521.547992 6788684.343033 -1822.018555 26 66
458571.547992 6788684.343033 -1816.016113 27 66
458621.547992 6788684.343033 -1818.710327 28 66
457321.547992 6788734.343033 -1970.003296 2 67
457371.547992 6788734.343033 -1959.498657 3 67
457421.547992 6788734.343033 -1949.987549 4 67
457471.547992 6788734.343033 -1941.238037 5 67
457521.547992 6788734.343033 -1927.641968 6 67
457571.547992 6788734.343033 -1928.690918 7 67
457621.547992 6788734.343033 -1930.841553 8 67
457671.547992 6788734.343033 -1930.515869 9 67
457721.547992 6788734.343033 -1923.888794 10 67
457771.547992 6788734.343033 -1921.809814 11 67
457821.547992 6788734.343033 -1915.932007 12 67
457871.547992 6788734.343033 -1914.515137 13 67
457921.547992 6788734.343033 -1922.114990 14 67
457971.547992 6788734.343033 -1915.572876 15 67
458121.547992 6788734.343033 -1902.172607 18 67
458171.547992 6788734.343033 -1890.800781 19 67
458221.547992 6788734.343033 -1876.239136 20 67
458271.547992 6788734.343033 -1869.710815 21 67
458321.547992 6788734.343033 -1864.663696 22 67
458371.547992 6788734.343033 -1859.512695 23 67
458421.547992 6788734.343033 -1851.024170 24 67
458471.547992 6788734.343033 -1830.372559 25 67
458521.547992 6788734.343033 -1825.279785 26 67
458571.547992 6788734.343033 -1820.701782 27 67
458621.547992 6788734.343033 -1827.712402 28 67
457321.547992 6788784.343033 -1968.489258 2 68
457371.547992 6788784.343033 -1960.432617 3 68
457421.547992 6788784.343033 -1953.769287 4 68
457471.547992 6788784.343033 -1946.994263 5 68
457521.547992 6788784.343033 -1935.583252 6 68
457571.547992 6788784.343033 -1933.009399 7 68
457621.547992 6788784.343033 -1935.265503 8 68
457671.547992 6788784.343033 -1934.753540 9 68
457721.547992 6788784.343033 -1926.389893 10 68
457771.547992 6788784.343033 -1921.194824 11 68
457821.547992 6788784.343033 -1915.272827 12 68
457871.547992 6788784.343033 -1907.572754 13 68
457921.547992 6788784.343033 -1912.557739 14 68
458121.547992 6788784.343033 -1903.864380 18 68
458171.547992 6788784.343033 -1892.383789 19 68
458221.547992 6788784.343033 -1878.484009 20 68
458271.547992 6788784.343033 -1870.775879 21 68
458321.547992 6788784.343033 -1865.172241 22 68
458371.547992 6788784.343033 -1861.037231 23 68
458421.547992 6788784.343033 -1855.794067 24 68
458471.547992 6788784.343033 -1845.837158 25 68
458521.547992 6788784.343033 -1828.772827 26 68
458571.547992 6788784.343033 -1822.164673 27 68
458621.547992 6788784.343033 -1830.641968 28 68
457321.547992 6788834.343033 -1968.762817 2 69
457371.547992 6788834.343033 -1964.087036 3 69
457421.547992 6788834.343033 -1961.963501 4 69
457471.547992 6788834.343033 -1950.849487 5 69
457521.547992 6788834.343033 -1944.140747 6 69
457571.547992 6788834.343033 -1939.328491 7 69
457621.547992 6788834.343033 -1933.979492 8 69
457671.547992 6788834.343033 -1928.514648 9 69
457721.547992 6788834.343033 -1925.019287 10 69
457771.547992 6788834.343033 -1921.549927 11 69
457821.547992 6788834.343033 -1908.696533 12 69
457871.547992 6788834.343033 -1899.665527 13 69
458121.547992 6788834.343033 -1898.682495 18 69
458171.547992 6788834.343033 -1890.532349 19 69
458221.547992 6788834.343033 -1878.609131 20 69
458271.547992 6788834.343033 -1868.744751 21 69
458321.547992 6788834.343033 -1864.222290 22 69
458371.547992 6788834.343033 -1861.383789 23 69
458421.547992 6788834.343033 -1854.286133 24 69
458471.547992 6788834.343033 -1848.188843 25 69
458521.547992 6788834.343033 -1825.641235 26 69
458571.547992 6788834.343033 -1820.474487 27 69
458621.547992 6788834.343033 -1826.488525 28 69
457321.547992 6788884.343033 -1969.019043 2 70
457371.547992 6788884.343033 -1966.181396 3 70
457421.547992 6788884.343033 -1967.072876 4 70
457471.547992 6788884.343033 -1957.583008 5 70
457521.547992 6788884.343033 -1949.821533 6 70
457571.547992 6788884.343033 -1943.461914 7 70
457621.547992 6788884.343033 -1936.559814 8 70
457671.547992 6788884.343033 -1929.765747 9 70
457721.547992 6788884.343033 -1924.246338 10 70
457771.547992 6788884.343033 -1918.383667 11 70
457821.547992 6788884.343033 -1911.007690 12 70
457871.547992 6788884.343033 -1904.335938 13 70
458121.547992 6788884.343033 -1895.217041 18 70
458171.547992 6788884.343033 -1889.550171 19 70
458221.547992 6788884.343033 -1879.491211 20 70
458271.547992 6788884.343033 -1867.252563 21 70
458321.547992 6788884.343033 -1859.950684 22 70
458371.547992 6788884.343033 -1860.737427 23 70
458421.547992 6788884.343033 -1855.233765 24 70
458471.547992 6788884.343033 -1842.231689 25 70
458521.547992 6788884.343033 -1822.911743 26 70
458571.547992 6788884.343033 -1815.317993 27 70
458621.547992 6788884.343033 -1817.778320 28 70
458671.547992 6788884.343033 -1818.928955 29 70
457321.547992 6788934.343033 -1972.244995 2 71
457371.547992 6788934.343033 -1969.365356 3 71
457421.547992 6788934.343033 -1967.393311 4 71
457471.547992 6788934.343033 -1961.900879 5 71
457521.547992 6788934.343033 -1955.220337 6 71
457571.547992 6788934.343033 -1947.217529 7 71
457621.547992 6788934.343033 -1940.404663 8 71
457671.547992 6788934.343033 -1932.877563 9 71
457721.547992 6788934.343033 -1926.338745 10 71
457771.547992 6788934.343033 -1921.401123 11 71
457821.547992 6788934.343033 -1915.735718 12 71
458171.547992 6788934.343033 -1892.747070 19 71
458221.547992 6788934.343033 -1886.394409 20 71
458271.547992 6788934.343033 -1872.998291 21 71
458321.547992 6788934.343033 -1859.072266 22 71
458371.547992 6788934.343033 -1867.057007 23 71
458421.547992 6788934.343033 -1861.515503 24 71
458471.547992 6788934.343033 -1840.408447 25 71
458521.547992 6788934.343033 -1821.572388 26 71
458571.547992 6788934.343033 -1813.076294 27 71
458621.547992 6788934.343033 -1813.793091 28 71
458671.547992 6788934.343033 -1815.219971 29 71
457321.547992 6788984.343033 -1976.110596 2 72
457371.547992 6788984.343033 -1972.069458 3 72
457421.547992 6788984.343033 -1967.646729 4 72
457471.547992 6788984.343033 -1964.655151 5 72
457521.547992 6788984.343033 -1958.913208 6 72
457571.547992 6788984.343033 -1950.349854 7 72
457621.547992 6788984.343033 -1944.423950 8 72
457671.547992 6788984.343033 -1935.888184 9 72
457721.547992 6788984.343033 -1928.597656 10 72
457771.547992 6788984.343033 -1925.864624 11 72
457821.547992 6788984.343033 -1916.722290 12 72
458171.547992 6788984.343033 -1900.967163 19 72
458221.547992 6788984.343033 -1902.968872 20 72
458271.547992 6788984.343033 -1899.245117 21 72
458321.547992 6788984.343033 -1879.868774 22 72
458371.547992 6788984.343033 -1882.752563 23 72
458421.547992 6788984.343033 -1871.564575 24 72
458471.547992 6788984.343033 -1841.319458 25 72
458521.547992 6788984.343033 -1825.510986 26 72
458571.547992 6788984.343033 -1813.753174 27 72
458621.547992 6788984.343033 -1815.611816 28 72
458671.547992 6788984.343033 -1813.486084 29 72
457321.547992 6789034.343033 -1979.621948 2 73
457371.547992 6789034.343033 -1975.512939 3 73
457421.547992 6789034.343033 -1969.588013 4 73
457471.547992 6789034.343033 -1966.451538 5 73
457521.547992 6789034.343033 -1960.856445 6 73
457571.547992 6789034.343033 -1951.604248 7 73
457621.547992 6789034.343033 -1945.680420 8 73
457671.547992 6789034.343033 -1936.809570 9 73
457721.547992 6789034.343033 -1930.297241 10 73
457771.547992 6789034.343033 -1929.045654 11 73
457821.547992 6789034.343033 -1918.554321 12 73
458171.547992 6789034.343033 -1907.355347 19 73
458221.547992 6789034.343033 -1912.381592 20 73
458271.547992 6789034.343033 -1907.962524 21 73
458321.547992 6789034.343033 -1883.700806 22 73
458371.547992 6789034.343033 -1865.509888 23 73
458421.547992 6789034.343033 -1852.000000 24 73
458471.547992 6789034.343033 -1845.286987 25 73
458521.547992 6789034.343033 -1835.855591 26 73
458571.547992 6789034.343033 -1819.308960 27 73
458621.547992 6789034.343033 -1823.032471 28 73
458671.547992 6789034.343033 -1819.497437 29 73
457321.547992 6789084.343033 -1985.367188 2 74
457371.547992 6789084.343033 -1977.638916 3 74
457421.547992 6789084.343033 -1975.772827 4 74
457471.547992 6789084.343033 -1968.375122 5 74
457521.547992 6789084.343033 -1961.164551 6 74
457571.547992 6789084.343033 -1953.591187 7 74
457621.547992 6789084.343033 -1946.238525 8 74
457671.547992 6789084.343033 -1939.545898 9 74
457721.547992 6789084.343033 -1931.590454 10 74
457771.547992 6789084.343033 -1928.158447 11 74
458221.547992 6789084.343033 -1903.647705 20 74
458271.547992 6789084.343033 -1887.550415 21 74
458321.547992 6789084.343033 -1853.135864 22 74
458371.547992 6789084.343033 -1839.605469 23 74
458421.547992 6789084.343033 -1830.361694 24 74
458471.547992 6789084.343033 -1843.530273 25 74
458521.547992 6789084.343033 -1839.130005 26 74
458571.547992 6789084.343033 -1824.765137 27 74
458621.547992 6789084.343033 -1826.549316 28 74
458671.547992 6789084.343033 -1823.444824 29 74
458721.547992 6789084.343033 -1827.305542 30 74
457321.547992 6789134.343033 -1988.529907 2 75
457371.547992 6789134.343033 -1981.550537 3 75
457421.547992 6789134.343033 -1978.097534 4 75
457471.547992 6789134.343033 -1969.164185 5 75
457521.547992 6789134.343033 -1960.303955 6 75
457571.547992 6789134.343033 -1953.427490 7 75
457621.547992 6789134.343033 -1946.865479 8 75
457671.547992 6789134.343033 -1939.418823 9 75
457721.547992 6789134.343033 -1931.081299 10 75
458221.547992 6789134.343033 -1898.147217 20 75
458271.547992 6789134.343033 -1883.989868 21 75
458321.547992 6789134.343033 -1863.938599 22 75
458371.547992 6789134.343033 -1849.286987 23 75
458421.547992 6789134.343033 -1837.002930 24 75
458471.547992 6789134.343033 -1838.333374 25 75
458521.547992 6789134.343033 -1834.108276 26 75
458571.547992 6789134.343033 -1825.241943 27 75
458621.547992 6789134.343033 -1827.529053 28 75
458671.547992 6789134.343033 -1829.618408 29 75
458721.547992 6789134.343033 -1832.852295 30 75
457321.547992 6789184.343033 -1990.177979 2 76
457371.547992 6789184.343033 -1984.119995 3 76
457421.547992 6789184.343033 -1977.321777 4 76
457471.547992 6789184.343033 -1968.952148 5 76
457521.547992 6789184.343033 -1957.753296 6 76
457571.547992 6789184.343033 -1951.109497 7 76
457621.547992 6789184.343033 -1945.217529 8 76
457671.547992 6789184.343033 -1938.828857 9 76
458221.547992 6789184.343033 -1897.123657 20 76
458271.547992 6789184.343033 -1887.863281 21 76
458321.547992 6789184.343033 -1883.267456 22 76
458371.547992 6789184.343033 -1869.767456 23 76
458421.547992 6789184.343033 -1846.830200 24 76
458471.547992 6789184.343033 -1839.733276 25 76
458521.547992 6789184.343033 -1835.232788 26 76
458571.547992 6789184.343033 -1829.957275 27 76
458621.547992 6789184.343033 -1834.592163 28 76
458671.547992 6789184.343033 -1839.613281 29 76
458721.547992 6789184.343033 -1840.274780 30 76
457371.547992 6789234.343033 -1981.568848 3 77
457421.547992 6789234.343033 -1975.143311 4 77
457471.547992 6789234.343033 -1970.140625 5 77
457521.547992 6789234.343033 -1957.337524 6 77
457571.547992 6789234.343033 -1952.045410 7 77
457621.547992 6789234.343033 -1945.268677 8 77
458271.547992 6789234.343033 -1888.314575 21 77
458321.547992 6789234.343033 -1901.192993 22 77
458371.547992 6789234.343033 -1887.963379 23 77
458421.547992 6789234.343033 -1849.213623 24 77
458471.547992 6789234.343033 -1842.457886 25 77
458521.547992 6789234.343033 -1842.299683 26 77
458571.547992 6789234.343033 -1841.704590 27 77
458621.547992 6789234.343033 -1847.837158 28 77
458671.547992 6789234.343033 -1852.895020 29 77
458721.547992 6789234.343033 -1848.034180 30 77
458771.547992 6789234.343033 -1846.961060 31 77
457371.547992 6789284.343033 -1982.222778 3 78
457421.547992 6789284.343033 -1975.571899 4 78
457471.547992 6789284.343033 -1970.497070 5 78
457521.547992 6789284.343033 -1958.083740 6 78
457571.547992 6789284.343033 -1952.737549 7 78
457621.547992 6789284.343033 -1945.122925 8 78
458271.547992 6789284.343033 -1886.454102 21 78
458321.547992 6789284.343033 -1900.245117 22 78
458371.547992 6789284.343033 -1876.089844 23 78
458421.547992 6789284.343033 -1848.938843 24 78
458471.547992 6789284.343033 -1844.614624 25 78
458521.547992 6789284.343033 -1847.664063 26 78
458571.547992 6789284.343033 -1849.548828 27 78
458621.547992 6789284.343033 -1854.211548 28 78
458671.547992 6789284.343033 -1857.519409 29 78
458721.547992 6789284.343033 -1855.537354 30 78
458771.547992 6789284.343033 -1850.150879 31 78
457371.547992 6789334.343033 -1988.146240 3 79
457421.547992 6789334.343033 -1978.463501 4 79
457471.547992 6789334.343033 -1968.339233 5 79
457521.547992 6789334.343033 -1958.876587 6 79
457571.547992 6789334.343033 -1950.988037 7 79
458271.547992 6789334.343033 -1871.865601 21 79
458321.547992 6789334.343033 -1856.616333 22 79
458371.547992 6789334.343033 -1845.751221 23 79
458421.547992 6789334.343033 -1838.624512 24 79
458471.547992 6789334.343033 -1840.251831 25 79
458521.547992 6789334.343033 -1846.316284 26 79
458571.547992 6789334.343033 -1848.666382 27 79
458621.547992 6789334.343033 -1854.329224 28 79
458671.547992 6789334.343033 -1859.378906 29 79
458721.547992 6789334.343033 -1859.234497 30 79
458771.547992 6789334.343033 -1852.408081 31 79
458321.547992 6789384.343033 -1859.999512 22 80
458371.547992 6789384.343033 -1851.150513 23 80
458421.547992 6789384.343033 -1845.581421 24 80
458471.547992 6789384.343033 -1842.582153 25 80
458521.547992 6789384.343033 -1845.558716 26 80
458571.547992 6789384.343033 -1848.258911 27 80
458621.547992 6789384.343033 -1852.978394 28 80
458671.547992 6789384.343033 -1859.214233 29 80
458721.547992 6789384.343033 -1860.653442 30 80
458771.547992 6789384.343033 -1857.602173 31 80
458371.547992 6789434.343033 -1871.003784 23 81
458421.547992 6789434.343033 -1861.998169 24 81
458471.547992 6789434.343033 -1848.019897 25 81
458521.547992 6789434.343033 -1848.171875 26 81
458571.547992 6789434.343033 -1851.530518 27 81
458621.547992 6789434.343033 -1855.697998 28 81
458671.547992 6789434.343033 -1861.339111 29 81
458721.547992 6789434.343033 -1863.161255 30 81
458771.547992 6789434.343033 -1861.324097 31 81
458821.547992 6789434.343033 -1863.264404 32 81
458371.547992 6789484.343033 -1893.336792 23 82
458421.547992 6789484.343033 -1881.267700 24 82
458471.547992 6789484.343033 -1849.647461 25 82
458521.547992 6789484.343033 -1848.047607 26 82
458571.547992 6789484.343033 -1842.405396 27 82
458621.547992 6789484.343033 -1852.289185 28 82
458671.547992 6789484.343033 -1862.408569 29 82
458721.547992 6789484.343033 -1865.472412 30 82
458771.547992 6789484.343033 -1861.001831 31 82
458821.547992 6789484.343033 -1863.361450 32 82
