INLINE-     784    472    455346.12016   6788190.81954      1858.30472 gp_fault6 1
INLINE-     784    508    455792.39435   6788184.63120      2023.79878 gp_fault6 1
INLINE-     784    548    456292.94774   6788177.69019      2206.92473 gp_fault6 1
INLINE-     734    490    455539.48415   6787564.22000      1812.25297 gp_fault6 2
INLINE-     734    526    455988.92629   6787557.98774      2047.08866 gp_fault6 2
INLINE-     734    546    456254.49715   6787554.30516      2256.95970 gp_fault6 2
INLINE-     684    492    455569.83022   6786939.88099      1861.45523 gp_fault6 3
INLINE-     684    522    455932.23416   6786934.85565      2007.38026 gp_fault6 3
INLINE-     684    568    456508.53574   6786926.86427      2191.71579 gp_fault6 3
INLINE-     634    504    455703.94708   6786314.10302      1827.59827 gp_fault6 4
INLINE-     634    532    456046.65393   6786309.35082      1969.84569 gp_fault6 4
INLINE-     634    588    456770.44720   6786299.31422      2114.71227 gp_fault6 4
