INLINE-     784    366    454002.62356   6788209.44936      1873.14774 gp_fault4 1
INLINE-     784    404    454485.33683   6788202.75573      2072.14638 gp_fault4 1
INLINE-     784    440    454932.37585   6788196.55679      2203.54087 gp_fault4 1
INLINE-     734    356    453886.22522   6787587.14519      1839.95680 gp_fault4 2
INLINE-     734    374    454112.23146   6787584.01124      1972.38090 gp_fault4 2
INLINE-     734    424    454714.13986   6787575.66478      2253.63193 gp_fault4 2
INLINE-     684    348    453761.10955   6786964.96191      1850.53849 gp_fault4 3
INLINE-     684    386    454252.36787   6786958.14980      2093.48805 gp_fault4 3
INLINE-     684    454    455083.60390   6786946.62333      2253.98683 gp_fault4 3
INLINE-     634    332    453566.43158   6786343.74323      1836.08795 gp_fault4 4
INLINE-     634    374    454095.16641   6786336.41144      2050.31709 gp_fault4 4
INLINE-     634    458    455135.94721   6786321.97928      2263.27158 gp_fault4 4
