INLINE-     784    604    456992.17413   6788167.99425      1792.35711 gp_fault7 1
INLINE-     784    642    457467.72680   6788161.39992      2020.11864 gp_fault7 1
INLINE-     784    688    458040.00984   6788153.46427      2262.71870 gp_fault7 1
INLINE-     734    608    457018.95681   6787543.70465      1755.57591 gp_fault7 2
INLINE-     734    628    457268.95681   6787540.23798      1881.46707 gp_fault7 2
INLINE-     734    702    458194.91701   6787527.39800      2242.45665 gp_fault7 2
INLINE-     684    618    457151.60466   6786917.94705      1721.83844 gp_fault7 3
INLINE-     684    660    457663.63308   6786910.84692      1941.12526 gp_fault7 3
INLINE-     684    702    458184.69199   6786903.62157      2151.92239 gp_fault7 3
INLINE-     634    626    457231.65098   6786292.91886      1712.50954 gp_fault7 4
INLINE-     634    646    457482.50350   6786289.44037      1833.68313 gp_fault7 4
INLINE-     634    682    457938.99179   6786283.11040      2060.52278 gp_fault7 4
